A01A		4864	5315	1956	2246	9641	3562	6283	4780	6284	367	2548	5141	29110	9367	3320	5144	5143	5142	
A02B		81025	2697	2700	2701	2702	2703	2705	2706	2707	2709	57369	127534	10804	125111	10052	57165	24145	84694	3290	56666	349149	375519	100126572	116337	219770	
A03A		10919	1544	1129	1576	1128	1132	1131	1812	1565	
A03B		1128	1129	1131	1132	1133	
A03F		1565	43	1813	
A04A		6697	7364	6869	
A05A		9377	1346	1345	1349	1350	5319	1351	151306	1066	1327	1339	1329	1340	2104	2235	2172	126	
A05B		3290	3291	28234	10599	
A06A		4985	4986	4988	
A07A		3320	1565	1544	1576	56302	1551	9682	1557	1559	8856	3417	7226	5243	7421	
A07D		801	7010	5443	773	1576	2475	367	7157	7253	4985	4986	5243	4988	1565	
A07E		240	5468	5742	5743	
A08A		8513	221955	26090	747	2194	1268	4023	57406	5054	5406	
A10B		23269	8972	6476	4023	2548	6517	279	
A11C		1594	7421	
A11D		10560	27010	80704	
A11G		9962	9963	
A11H		7040	10423	4907	4908	4023	1490	627	3667	7157	887	921	5340	4893	7006	2911	
A14A		2560	2561	2562	2563	2564	2565	2566	2567	2568	23435	51083	7054	8856	6820	6822	1576	10280	5290	5291	2099	2100	581	55879	332	1490	3667	9429	2902	2903	2904	5465	2906	5595	116444	2905	3292	116443	3558	4842	2539	2670	367	9970	6517	2554	2555	2556	2557	2558	2559	
A16A		1080	4887	6750	10919	
B01A		813	8529	2677	79001	5243	348	
B02A		4018	5340	5327	
B02B		4352	10599	2153	28234	11309	462	6580	
B03A		9962	9963	
B03B		2352	113235	6573	2350	
B05B		3172	1508	3146	3308	366	3315	6197	760	7066	1499	7486	383	
B05C		6019	7852	5294	2993	6517	
C01A		480	481	482	483	486	367	476	477	478	
C01B		1544	148	1557	1559	153	796	1565	3743	1573	9254	1576	3753	1577	2475	3757	6713	6331	653509	10951	8912	51053	9722	5243	7038	
C01C		1544	5139	5140	3091	1557	5142	7068	10919	1576	4137	11201	7124	3028	216	5347	390245	7398	246	7421	
C01D		1576	79915	4780	2030	7066	
C01E		5729	117155	5732	1559	5731	6915	1544	1576	5734	5739	347732	1557	378807	117144	1565	
C02A		2784	5617	146	147	148	1557	150	1559	151	6580	152	1565	8639	
C02B		1544	1576	8973	1134	1135	1136	1137	1139	1143	1559	1565	
C02C		6530	146	147	148	150	151	152	
C02D		3778	10919	1544	4907	4843	9420	759	760	4023	3764	885	3767	6616	476	796	1565	6559	
C02K		1909	1557	1910	
C03A		6557	6559	
C03B		771	1636	762	759	4878	23632	183	760	4314	6557	766	6559	
C03C		2784	6560	1636	390245	2859	4780	100379251	3028	118	1080	5594	57468	6557	6558	6559	
C03D		6548	6553	57113	26	10919	40	41	1579	3762	5311	6337	6338	6339	6340	51393	9033	5328	3028	9311	
C03X		552	554	
C04A		148	1565	10919	
C05A		6336	1544	
C05B		2864	2161	2167	5338	338557	
C05C		51426	196	5423	9682	5429	
C07A		153	7038	
C08C		1636	774	775	1576	1577	778	776	779	781	4878	783	786	183	
C08D		113026	3741	775	1544	1576	779	781	786	1557	1559	5243	1565	3359	
C08E		801	773	10919	3784	5243	9132	3417	6331	476	1565	7134	
C09A		1636	4548	5547	4524	1585	183	154	
C09C		3777	10019	1636	55111	10888	1585	442038	185	84444	
C10A		3329	54658	54659	1803	7052	5243	221458	19	1557	3990	1558	8856	22937	1559	1565	3363	116519	1576	1577	3627	1581	5294	1071	11309	2224	3123	949	185	29116	959	4547	5444	7364	196	2247	5447	28234	5327	338	7124	3156	9429	9177	5467	1244	348	5602	355	1636	3684	27235	10599	3559	4842	3949	624	64241	3953	6262	6646	632	7035	
D01A		1544	54795	3725	3091	1557	1559	8856	154	7066	1565	6311	1576	554	29994	3757	1072	9266	2740	387129	7226	11069	3783	10951	79054	9682	7253	983	5594	5467	51053	367	9970	7157	3320	3579	
D01B		1576	367	3859	3028	8856	
D02A		3172	1508	3146	3308	366	3315	6197	760	7066	1499	7486	383	
D03A		51426	1576	5578	5579	5580	1557	1559	57016	3290	5468	1565	
D04A		6336	1544	
D05A		4609	5251	3558	51053	9518	367	5328	690	1591	7421	7038	
D05B		3553	5947	5347	7398	4137	11069	51053	6256	6257	6258	9682	6774	2648	5914	5915	5916	7421	
D06A		3416	5617	4057	
D06B		3586	6564	5965	25	4860	1791	
D07A		301	51053	367	3091	3417	2908	387129	
D07X		5319	4780	301	367	3091	2908	
D08A		6336	1565	7398	
D09A		6019	7852	5294	2993	6517	
D10A		7398	6256	6257	6258	5914	5915	5916	
D10B		3586	1027	4869	4613	7182	2322	3091	8854	1559	5914	5915	5916	5918	5029	10919	1577	4780	7101	190	332	6096	6097	596	2648	216	2521	5467	9052	54880	7398	6256	3312	6257	6258	4087	3576	5371	7421	
D11A		3778	6286	
G01A		9962	9963	
G02A		5729	5731	5732	5733	6915	5734	5737	11251	
G02C		552	553	554	5021	
G03A		5241	2099	51053	367	
G03C		367	6097	2099	2100	387129	
G03D		6536	5241	2099	
G03G		5617	2099	5741	
G03X		3572	3570	2099	2100	
G04B		5729	117155	5732	1559	5731	6915	1544	1576	5734	5739	347732	1557	378807	117144	1565	
G04C		6336	10919	11280	146	147	148	2548	6326	6323	6328	6329	3028	6331	6332	6334	6335	
H01B		552	5021	
H01C		3329	5054	3973	2798	
H02A		3074	5539	5320	3736	2908	
H03A		196	7068	4780	2158	7056	7252	7067	5468	5054	
H03B		3106	7173	1544	3123	1557	1559	
H05B		51053	846	
J01B		1604	1576	3146	1557	216	
J01C		3586	2952	1544	9356	1557	1559	8856	1565	3105	3106	3107	6564	6565	1576	3119	3122	3123	5429	3127	51426	
J01D		9376	290	6564	6565	9356	8856	1244	
J01E		1571	1576	2539	1557	1559	1565	
J01F		1544	1576	7498	4842	4363	2862	1557	1559	7035	1565	
J01G		3312	6390	
J01M		1571	581	1544	1576	2539	7153	3028	1557	1559	1565	
J01X		3416	5617	4057	
J02A		1544	1576	23435	1557	213	1559	3320	1595	1565	
J04A		1571	2950	7975	1544	1576	4843	5243	1555	7124	1557	1558	1559	8856	7514	571	
J04B		3105	3106	1544	1576	1719	2539	2796	3123	1559	1565	1727	
J05A		3586	6564	5965	25	4860	1791	
L01A		1544	1576	2539	1869	5328	2936	1557	1559	216	1565	4255	
L01B		4609	7298	3589	2950	54790	3976	171023	54802	2322	919	25	7066	4255	79915	4780	174	2624	5328	6097	978	216	3417	4088	2908	6876	3043	51053	367	7157	2678	3064	1786	1788	7038	
L01C		81027	10376	84617	10381	10382	10383	8856	4133	4134	7846	347688	4137	113457	84790	203068	112714	596	347733	7277	7278	7280	
L01D		6606	7150	7153	7155	1437	
L01X		10951	1544	1576	6311	2475	10919	3757	79915	7153	690	7155	1812	1557	3028	1559	1565	
L02A		3976	1544	1557	1559	8856	5788	5021	1565	2852	2597	10919	1576	3757	2099	2100	2101	3778	1356	5965	462	5328	6097	1490	2908	5468	5858	4843	367	6517	5624	5627	
L02B		1545	2796	1583	1588	2678	7033	7038	
L03A		4000	3269	7398	10919	3274	759	59340	222962	11255	763	766	
L04A		2944	7298	7172	1544	10257	1557	1559	1565	3614	1576	79915	4780	3117	494514	3251	3123	316	65992	7252	3417	79068	5471	3043	55270	5741	7157	3704	
M01A		1559	5743	
M01C		25824	8989	3551	
M02A		1559	5743	
M03A		1128	1129	1131	1132	1139	
M03B		9568	115207	4842	4780	6863	2353	2641	627	7252	4790	2550	57528	386617	
M03C		1544	1576	4137	1557	6262	1559	6261	6263	1565	
M04A		23040	54657	54658	54659	64388	1544	1557	1559	28951	1565	1576	128553	54575	54576	54577	54578	54579	170679	316	5311	22854	54600	100130889	7498	5460	9429	360158	79718	4855	
M05B		3589	5802	523	5775	5328	2224	1588	4598	5788	7421	5791	
N01A		3757	148	1813	1814	1815	3356	1565	
N01B		6336	1544	
N02A		1544	1576	4985	4986	4988	1565	
N02B		8704	51206	1544	9	3082	10	3084	27159	1559	1565	136227	1576	161835	3115	3116	3119	3123	6197	9278	4170	2638	7248	3156	8792	3673	3162	3674	9311	1636	5733	5732	2149	3176	3690	5739	1645	5742	5743	2670	1649	5741	2162	10873	134	23177	2207	5290	174	4790	4791	183	4792	2247	5321	5335	51422	10463	6892	3309	4846	375033	2811	6915	6916	54578	4914	8529	5468	355	1909	53632	7040	6539	80781	7067	5028	5562	5563	5564	7098	5565	5571	8660	4056	3551	3553	3565	7157	3576	
N02C		3352	3351	
N03A		2052	8325	1543	1544	1548	11280	1555	1557	1558	1559	8856	1565	3105	3106	1576	1577	4524	3119	10928	6323	3123	6326	6328	6329	6331	6332	6334	6335	6336	7364	4049	7124	5460	2908	1244	7133	3172	3303	3305	7916	7917	367	5617	9970	2678	632	2554	
N04A		1128	6531	3269	
N04B		6580	1813	2903	2904	2905	2906	116443	
N05A		1544	147	148	1813	3350	1812	3356	1565	
N05B		10919	1577	4780	5617	1813	3350	216	
N05C		10919	1544	2567	1557	2554	1565	
N06A		4544	5243	3356	3357	3358	4543	
N06B		6530	6531	6532	7253	2902	2903	2904	2905	2906	116443	116444	1565	
N06D		2532	10919	1544	1576	2539	259249	51284	1557	1559	54106	1565	445	
N07A		1128	1129	1131	1132	1133	
N07B		2560	2561	2562	2563	2564	2565	2566	2567	2568	55879	2902	2903	2904	2905	2906	116443	116444	2915	2554	2555	2556	2557	2558	2559	
N07C		3269	11255	
N07X		4864	1544	23435	11280	9367	1576	3757	6323	6326	6328	7224	6329	6331	6332	6334	6335	3776	54207	6336	3780	3782	3783	23657	50801	
P01A		4780	10988	
P01B		1543	3176	1545	2539	1558	
P01C		384	4953	10919	
P02B		4137	51053	2740	3320	3417	1786	387129	
P02C		1573	7846	1544	79915	51053	10383	3315	203068	
P02D		4864	8321	1544	3091	9367	1559	7066	1565	5540	10919	1576	4137	6311	2475	4780	5315	324	196	6606	6607	7253	3417	2778	51053	57582	6256	7157	6774	
P03A		6531	255239	1544	1813	1557	1559	154	7066	10919	1576	79915	4780	4524	2475	3248	4790	185	706	10951	54737	9682	3028	1621	216	217	218	5467	861	224	865	5347	51053	2670	5999	367	2678	3320	5243	7421	
R01A		3269	1565	
R01B		6530	43	6571	148	1813	154	
R02A		672	11201	51426	641	5347	29127	3417	328	10411	4780	11069	3091	5429	3064	7421	2237	7486	
R03A		6833	154	3767	
R03B		1544	1576	113263	1394	1906	4306	1557	1559	8856	5241	2908	1565	
R03C		154	590	
R03D		134	135	136	140	8654	5139	5140	5141	5142	5143	5144	3066	
R05C		6531	1147	4493	3480	7450	48	4914	653509	3014	54472	1869	5970	2902	2903	2904	2906	116443	3164	3551	95	390245	23657	3949	6517	2937	3579	
R05D		1129	1565	10919	
R06A		3269	1565	
S01A		3586	6564	5965	25	4860	1791	
S01B		5742	5743	
S01C		1544	55816	197131	3084	1557	1559	1565	1576	2625	70	6223	1103	1119	2158	5745	2678	2168	5243	7298	6281	3726	655	6295	8856	4780	2744	185	190	653509	5836	4306	6361	5858	4843	3312	10993	4851	7412	7421	83716	1800	4880	5914	3363	5925	1831	3880	2348	301	4914	332	6476	338	5970	6999	5979	2908	7003	367	6517	7038	54658	2950	9607	3976	7049	4494	552859	3484	7069	7082	942	494514	5054	8660	1493	2516	1499	8692	6646	1015	4088	1017	1019	1021	
S01E		1128	1129	1131	1132	1133	
S01F		6530	43	6571	148	1813	154	
S01G		3778	6286	
S01H		6336	801	390245	1544	4650	51053	6331	
S01X		6531	1147	4493	3480	7450	48	4914	653509	3014	54472	1869	5970	2902	2903	2904	2906	116443	3164	3551	95	390245	23657	3949	6517	2937	3579	
S02A		1604	1576	3146	1557	216	
S02B		1544	55816	197131	3084	1557	1559	1565	1576	2625	70	6223	1103	1119	2158	5745	2678	2168	5243	7298	6281	3726	655	6295	8856	4780	2744	185	190	653509	5836	4306	6361	5858	4843	3312	10993	4851	7412	7421	83716	1800	4880	5914	3363	5925	1831	3880	2348	301	4914	332	6476	338	5970	6999	5979	2908	7003	367	6517	7038	54658	2950	9607	3976	7049	4494	552859	3484	7069	7082	942	494514	5054	8660	1493	2516	1499	8692	6646	1015	4088	1017	1019	1021	
S02D		6336	4353	1956	1576	6505	2539	11280	6323	627	6326	6328	6329	6331	6332	6334	6335	
S03A		1604	1576	3146	1557	216	
S03B		1544	55816	197131	3084	1557	1559	1565	1576	2625	70	6223	1103	1119	2158	5745	2678	2168	5243	7298	6281	3726	655	6295	8856	4780	2744	185	190	653509	5836	4306	6361	5858	4843	3312	10993	4851	7412	7421	83716	1800	4880	5914	3363	5925	1831	3880	2348	301	4914	332	6476	338	5970	6999	5979	2908	7003	367	6517	7038	54658	2950	9607	3976	7049	4494	552859	3484	7069	7082	942	494514	5054	8660	1493	2516	1499	8692	6646	1015	4088	1017	1019	1021	
V03A		6531	1147	4493	3480	7450	48	4914	653509	3014	54472	1869	5970	2902	2903	2904	2906	116443	3164	3551	95	390245	23657	3949	6517	2937	3579	
V04C		114814	2798	
