(R)-(-)-apomorphine		3350	50632	1813	1812	3356	3358	3361	3351	151	1815	1816	3352	1814	3357	150	152	
17-hydroxyprogesterone-caproate		8856	2100	2908	367	9971	2099	5241	
5-fluorouracil		355	1728	324	1807	3589	4842	1890	117583	868	1026	9619	5528	3486	5290	6573	7515	3309	84465	1557	81029	3845	407018	3683	5728	1124	1806	218	6470	10257	9429	4846	8812	7422	8549	5980	3643	332	7517	3043	1869	8490	6790	7518	9156	3667	64065	22943	85413	2067	673	2778	10057	4602	3135	4524	1548	153339	84618	995	5243	5788	1244	7298	5444	472	3161	1558	55556	214	9978	9231	6401	2308	1841	7372	1956	3831	63970	7252	581	7178	2950	874	873	4089	79623	85320	627	4583	2264	2356	10599	7157	595	1571	2064	3559	4233	1576	5296	26354	1545	3570	7153	1588	
5-hydroxytryptophan		216	5999	153201	10919	206358	4137	
abamectin		6256	5467	9568	367	2550	
abemaciclib		896	4893	2064	1021	1029	894	5241	7157	6597	1019	3845	2100	2099	595	
abiraterone		1584	1586	29940	367	5728	7259	
acalabrutinib		2064	7006	695	3702	7294	3718	640	660	2534	3932	4067	6714	2066	1956	
acamprosate		2561	2915	2558	116444	2555	2563	2554	2903	55879	2567	2568	2565	2557	2904	2906	2562	2560	2564	2559	2566	2902	2905	116443	2556	
acarbose		23269	6517	2548	4023	279	8972	6476	
acebutolol		7038	153	
aceclidine		1129	1128	1132	1133	1131	
aceclofenac		5743	1559	
acemetacin		5742	5743	
acenocoumarol		8529	348	2677	79001	813	5243	
acepromazine		148	1544	147	1813	3350	1812	3356	1565	
acetazolamide		4321	771	358	760	3106	23632	4842	761	762	4313	759	361	766	
acetohexamide		3767	6833	3766	3758	
acetophenazine		367	1813	1812	
acetylcholine		1129	1128	1132	43	1636	1133	1135	1131	
acetylcysteine		4493	3480	2903	5970	3164	1869	6531	23657	54472	2937	3014	653509	2904	3949	390245	2906	95	3551	48	3579	2902	6517	116443	7450	1147	4914	
acitretin		6256	5916	6257	7421	3553	4137	6258	51053	9682	5915	6774	2648	11069	5347	7398	5947	5914	
aclarubicin		7153	7155	1437	7150	6606	
aclidinium		1129	1128	1132	1133	1131	
acriflavine		51426	2237	3064	4780	11201	7421	3417	10411	672	641	5429	29127	11069	3091	328	5347	7486	
ACT-132577		1910	1909	
acyclovir		25	6564	1791	3586	4860	5965	
adapalene		6256	5916	6257	6258	5915	7398	5914	
adenosine		54795	64078	134	55300	9154	55361	136	9153	60482	135	140	
adiphenine		1134	1565	1544	
afatinib		4893	2064	2065	4233	673	3084	3845	2066	1956	27436	
agomelatine		3356	3358	5243	3357	4543	4544	
albendazole		1573	203068	1544	10383	51053	7846	3315	79915	
albuterol		154	2740	1843	9575	169044	1395	
alclofenac		5742	367	
alclometasone-dipropionate		1576	2908	866	
alcuronium		1129	1139	1128	1132	1131	
alectinib		238	4233	1029	4869	4089	2260	5979	27436	
alendronate		5788	5791	7421	523	5775	4598	3589	5328	1588	5802	2224	
alfacalcidol		7421	1594	
alfuzosin		6332	6326	11280	148	6335	146	2548	147	6329	6323	6328	3028	6331	10919	6336	6334	
allopurinol		54659	1565	54600	5311	54657	54578	54575	28951	22854	360158	7498	23040	100130889	54576	1544	1576	1559	4855	5460	1557	64388	54579	170679	128553	54577	54658	316	79718	9429	
allylestrenol		2099	6536	5241	
almotriptan		3351	3352	
alpelisib		5287	23533	5291	1019	4893	146850	3265	5295	8503	30849	2100	5293	5290	5286	7157	207	5604	2064	2263	5296	673	5925	3845	5297	2260	5728	6446	5294	2261	2475	5289	5288	2099	
alprenolol		153	154	
alprostadil		347732	1544	378807	5732	5739	1559	1565	5729	117144	117155	5731	1557	6915	1576	5734	
altrenogest		367	5241	
alvimopan		4988	4985	4986	
amantadine		2905	2906	6580	116443	1813	2904	2903	
ambrisentan		1910	1557	1909	
ambroxol		1576	2629	
amcinonide		3417	51053	301	387129	3091	367	2908	
amezinium		154	152	
amfenac		5742	5743	
amifostine		2936	4087	7040	5167	4609	251	
amiloride		57113	3762	10919	5311	6338	26	6337	6339	6340	40	6548	5328	41	1579	9033	51393	3028	9311	6553	
aminocaproic-acid		5340	4018	5327	
aminoglutethimide		1583	7033	7038	1588	2678	1545	2796	
aminophylline		5141	8654	3066	5139	5143	5144	134	136	135	140	5140	5142	
aminosalicylate		5742	5743	240	1147	30814	
amiodarone		1573	1565	9722	51053	148	9254	153	3743	796	6331	653509	1544	6713	3753	10951	1576	1559	1557	7038	1577	2475	8912	3757	5243	
amisulpride		25970	3350	1813	3358	9135	56899	1814	5243	4160	
amitraz		4780	148	150	
amitriptyline		1129	3786	4985	146	3274	100	1565	1812	3351	5243	3752	3751	3458	155	148	3356	153	59340	3352	150	154	1544	4986	147	3350	1576	3358	1559	1131	6530	10280	5319	1128	1132	4915	4988	5617	1133	3736	3269	3362	3363	6532	3785	4914	
amlexanox		3562	5141	3320	9641	4780	5144	2548	9367	6283	6284	5315	29110	4864	367	5143	2246	1956	5142	
amlodipine		775	4878	778	1576	774	1577	1636	781	783	776	779	183	786	
ammonium-glycyrrhizinate		3290	28234	10599	3291	
amodiaquine		1543	3176	1558	1545	2539	
amoxapine		1129	2561	7066	3064	146	1812	1565	3351	2558	2555	3357	2563	2554	55879	148	3356	1813	2567	6531	2568	2565	59340	2557	3363	7157	150	1816	147	3350	3358	151	2562	9	1131	2560	6530	1815	2564	2559	2566	3359	7421	1128	1132	2556	3757	1133	3269	3362	1814	6532	152	
amoxicillin		3107	8856	3106	3127	1565	3586	2952	3119	3122	3105	51426	1544	1576	1559	6564	1557	6565	3123	9356	5429	
amperozide		3356	2166	1812	1576	
ampiroxicam		5742	367	5743	
amrinone		5139	10919	7124	5140	216	3091	5347	7398	4137	390245	1544	1576	246	1557	7068	11201	7421	3028	5142	
amrubicin		7153	7155	
amsacrine		1544	7153	1576	10951	1565	1559	6311	1812	1557	2475	7155	690	3757	3028	10919	79915	
amtolmetin-guacil		5742	5743	
anastrozole		58508	54657	2064	2100	1588	5243	81027	4982	8600	1545	2099	9448	3481	5241	
anisindione		2147	2677	2638	7157	6606	6607	
antazoline		1565	3269	
apixaban		9429	1577	2159	
apraclonidine		152	151	148	150	
apremilast		5141	1021	5144	1019	5143	5142	
aprepitant		6697	6869	7364	
aprindine		801	6331	
arbidol		10919	1576	
argatroban		2147	2149	
aripiprazole		1129	1812	1565	3351	3354	148	3356	1813	3352	3363	150	1816	319100	2166	25970	147	3350	3358	151	1268	1131	1815	4160	3359	1128	1132	1133	9135	3269	3362	1814	5243	255239	152	
arsenic-trioxide		207	3551	7296	595	5594	5595	3725	
artemether		1576	1548	1577	476	1555	
artemisinin		216	8856	23435	1576	1548	1555	487	
ascorbic-acid		9963	9962	
asenapine		3274	3361	1812	3351	3354	3357	148	3356	1813	3352	3363	150	3350	3358	151	1815	3269	3362	1814	152	
aspirin		5733	355	3082	1649	375033	2811	3162	7067	4791	2247	5290	27159	1559	3309	5742	3553	5743	80781	3690	4846	5321	4790	1565	2207	5468	4170	5563	3674	8704	6916	3551	3673	3565	174	53632	7040	8529	2638	23177	1645	51422	5028	8792	54578	4056	1636	3119	136227	1544	3123	8660	5571	7248	5739	3576	3176	3084	6197	4914	5562	6892	10873	134	6539	5564	2670	51206	5732	161835	6915	10463	183	7157	3156	9278	5335	1576	3115	5741	2149	9	7098	4792	1909	2162	9311	3116	10	5565	
ataluren		367	1756	1080	
atenolol-(+/-)		153	154	30814	4057	
atomoxetine		2905	2906	2902	116443	7253	6531	1565	116444	6530	6532	2904	2903	
atorvastatin		8856	355	64241	22937	28234	54659	29116	1565	1803	1244	4842	7052	185	7124	5444	7364	1581	5602	3990	949	2247	1636	348	6262	19	1558	5467	10599	624	3949	3684	632	3627	3156	3559	221458	1071	1576	5447	3953	1559	1557	3123	4547	6646	7035	54658	116519	5327	5294	11309	9177	338	959	1577	196	3329	27235	3363	9429	5243	2224	
atosiban		5021	553	554	552	
atropine		1129	3627	2980	1128	1132	1577	1588	1133	2149	1131	367	150	
auranofin		8989	25824	3551	
avatrombopag		2147	5627	2153	1559	5624	462	4352	
axitinib		25	10733	5156	54658	3815	2321	1577	7428	7525	1435	5155	3791	3091	5159	2324	
azacitidine		919	3064	7066	1786	2950	6876	51053	3589	3976	7298	2908	2678	6097	79915	216	1788	54790	3043	54802	2322	7157	25	4780	174	978	7038	3417	171023	5328	4609	4088	367	2624	4255	
azaperone		1814	1813	
azasetron		9177	3359	
azathioprine		3614	65992	55270	1565	7298	2944	79915	3043	3251	3704	7157	4780	1544	7172	1576	1559	1557	5741	3123	494514	3117	316	5471	79068	3417	10257	7252	
azelaic-acid		6716	7299	6718	
azelnidipine		51053	367	775	
azilsartan		186	185	
azilsartan-medoxomil		186	185	
azithromycin		2862	7498	1544	1576	1565	1559	1557	4842	4363	7035	
azosemide		6558	4780	6557	
bacitracin		5617	4057	3416	
baclofen		2353	4780	4790	386617	6863	9568	4842	57528	115207	627	7252	2550	2641	
balsalazide		5742	5743	240	5468	
bambuterol		590	154	
baricitinib		7297	2580	3716	2185	3718	22848	3717	55589	
bazedoxifene		3570	2100	2099	3572	
beclomethasone		4780	1544	866	1565	1576	1559	3558	1557	301	3091	367	2908	
belinostat		4297	54658	3066	9759	83933	55294	10013	10014	3065	51564	8841	79885	55869	9734	
benazepril		154	4524	1636	1585	183	4548	5547	
bendazac		5742	5743	
bendroflumethiazide		6559	6557	
benidipine		8913	775	
benperidol		1813	1565	1815	
benserazide		7421	10951	10919	5999	1644	
benzbromarone		1544	7421	1559	1244	51053	5423	5468	9612	3028	11069	3091	4363	5347	7398	3248	
benzethonium		6336	1565	7398	
benzocaine		6336	1544	
benzoic-acid		9367	1610	25824	
benzthiazide		1576	760	29994	6559	
benztropine-mesylate		6531	1128	3269	
bepridil		773	1565	3417	476	801	9132	6331	7134	10919	5243	3784	
betahistine		11255	3269	
betamethasone		3163	4780	43	5617	301	367	5734	2908	3481	
betaxolol		153	154	
bethanechol		1129	1128	1132	1133	1131	
betrixaban		3757	2159	
bexarotene		6256	8856	6257	5599	10062	5468	6258	641	2648	7398	
bezafibrate		5467	5465	5468	
bicalutamide		354	999	8837	8085	1555	10468	367	581	
bicyclol		3303	3315	
bifemelane		1576	4129	1544	4128	
bimatoprost		5731	5733	5737	8644	
binimetinib		54658	4893	5604	6416	4763	5609	5606	3265	324	5607	673	5608	2776	2767	3845	5728	5605	472	
biperiden		1129	1128	1132	1133	1135	3269	1131	
bisoprolol		91703	153	
blonanserin		3356	1813	
boceprevir		1215	7421	5476	1513	1576	1577	1514	1520	5243	9153	8722	282617	101180976	
bortezomib		5340	2147	29893	1649	5696	5720	5693	2161	4791	5694	11047	5704	338099	5290	9622	5708	5691	5925	3845	5714	2261	1514	823	2624	1508	170541	5702	4790	23198	5695	5683	5970	1869	5644	54035	5699	10197	7979	3316	331	3308	5327	5682	5700	5717	367	5707	5715	5684	1493	280644	5713	5685	5719	5688	596	122706	151645	4780	9861	5689	5709	5692	5687	9491	5711	5645	4851	266971	5366	5706	581	5690	599	653247	627	2322	5705	5698	7157	595	5718	10213	5710	5686	5646	5716	338091	143471	5721	5701	
bosentan		1910	8856	10599	1909	
bosutinib		6793	4067	5605	57118	11183	7294	8428	2444	25	5604	2534	23235	3055	818	10746	613	10188	1956	23387	1017	150094	6714	6789	
bremelanotide		4159	4161	4157	4158	4306	4160	
bretylium		153	476	
brexpiprazole		3350	1813	3356	1565	3363	
brigatinib		238	6098	3480	3643	1956	
brimonidine		216	390245	5999	7421	151	10919	150	3248	152	
brinzolamide		771	760	763	23632	762	759	766	
bromocriptine		146	1814	1812	3558	4852	3351	367	10919	3357	148	3356	1813	3352	150	1816	2668	4780	1544	147	3350	3952	3358	151	1815	2353	7421	4609	3362	3363	6295	5243	152	
bromperidol		1565	1813	1576	5243	
bucladesine		1565	5566	
buclizine		1128	3269	
budesonide		1394	8856	1544	1576	1565	1906	1559	1557	113263	4306	2908	5241	
budipine		2902	4129	
buflomedil		10919	1565	148	
bumetanide		4780	6557	6558	2859	1080	100379251	2784	1636	57468	6559	5594	3028	6560	118	390245	
bunazosin		148	146	
bupivacaine		4654	6329	3312	6331	3976	590	2251	3736	3084	3741	6336	7124	
bupranolol		153	154	155	
bupropion		22908	6571	2587	3356	1813	6531	1548	1812	2289	1636	5617	2035	1621	1312	6530	255239	6532	
buspirone		216	4780	3350	1813	1577	5617	10919	
butalbital		2561	1137	2558	2555	2563	2554	55879	1139	2567	2568	2565	2898	2557	2562	2560	2564	2559	2566	2556	2891	
cabazitaxel		10382	113457	10376	10381	7277	7278	81027	10383	7846	347733	203068	7280	112714	1576	347688	3481	84617	7275	84790	
cabergoline		146	1812	3351	3357	148	3356	153	1813	3352	3363	150	1816	154	147	3350	3358	151	1815	1814	152	
cabozantinib		25	1956	3815	8837	4233	2767	6098	3082	7010	3265	7525	2322	3791	3845	5290	5979	
caffeine		5145	10846	5139	5144	2911	9170	1565	5152	134	50940	4842	5291	367	5146	4650	140	5140	472	5141	3710	5153	2670	5136	5158	27115	6263	5137	2247	5150	136	6262	8622	5293	7220	5290	5151	3559	1544	1576	1559	1557	3708	135	816	5143	8654	5591	5138	6469	7421	1548	5731	4968	3709	7150	6261	5142	
calcitriol		7421	7038	9518	3558	51053	5328	4609	690	367	1591	5251	
canagliflozin		6524	6523	
candesartan		442038	1636	3777	1585	10888	84444	185	55111	10019	
capecitabine		108	7422	11320	100302267	5980	1890	7298	55556	9156	5290	7157	2064	4233	9231	673	2067	6401	3845	494514	407018	374	5728	7372	978	999	3135	4524	1806	51716	5743	1543	1588	1066	9429	5243	10864	
capsaicin		216	4907	5111	2670	1544	1080	4780	6447	1576	4908	10535	3976	627	7442	2057	5243	
captopril		4048	59272	4321	6750	5294	1803	4843	1636	5054	1588	4313	4650	10919	185	2796	4318	
caramiphen		1129	1128	
carazolol		153	154	155	
carbachol		1129	1128	1132	1133	1135	5029	1131	
carbamazepine		8856	3106	3172	3303	1565	1244	6328	1555	7124	9970	2554	2678	2908	6326	7364	6323	10928	3119	6331	1558	2052	3105	4049	632	1544	1576	1559	5460	1557	7916	3123	6332	7133	11280	6335	4524	6329	1548	1577	1543	8325	5617	7917	3305	367	6336	6334	
carbendazim		203068	7157	4780	
carbenoxolone		10804	56666	2701	81025	219770	10052	24145	100126572	2707	2700	2697	2703	57165	84694	3290	2709	57369	125111	375519	2705	127534	116337	2702	349149	2706	
carbetapentane		1129	10919	1565	
carbetocin		5021	552	
carbidopa		216	390245	4524	9682	3028	10919	4137	3248	1644	
carbimazole		1544	3106	7173	1559	1557	3123	
carbinoxamine		1128	3269	
carfilzomib		5707	5702	5715	29893	23198	5684	5696	5720	280644	5693	5690	5695	5713	5683	170541	5685	5694	11047	5704	653247	338099	5719	5688	5705	5698	122706	151645	54035	5708	4780	5699	9861	5718	10197	7979	10213	5691	5689	5709	5710	5686	5692	5687	5682	5700	9491	5711	5714	266971	5716	338091	5717	143471	367	5721	5706	5701	
cariprazine		1814	1813	1565	
carmofur		1576	7298	
carmustine		216	1544	2936	1869	1576	1565	1559	5328	1557	2539	4255	
carteolol		153	154	155	
carvedilol		1565	1812	4842	155	148	153	2697	6262	390245	7498	154	1544	147	3952	29994	54658	2936	5243	581	
cefadroxil		8856	9356	1244	6564	6565	9376	290	
cefazolin		10919	9682	5444	
cefdinir		4353	52	9682	7341	58190	
cefradine		8856	8714	1576	1244	10257	
celecoxib		842	239	771	3786	7422	5468	324	781	783	1027	1649	367	8913	6774	5734	6097	93589	1026	768	773	775	9254	149233	777	5163	3486	779	5290	3784	51738	25	632	836	9536	1499	4780	5170	55799	1576	774	1559	1906	776	9132	9564	487	8911	782	4318	5742	3308	778	56479	785	5743	1577	5328	8912	489	784	488	80781	3785	
celiprolol		153	154	5243	150	
ceritinib		5604	238	6098	4869	1576	83942	3480	6714	2322	3643	5243	27436	
cetirizine		23430	3559	7010	1437	3269	
cetrorelix		3973	2798	3329	5054	
cevimeline		1129	1565	1128	1132	1131	
chenodeoxycholic-acid		3290	9971	
chidamide		8841	3065	83933	3066	
chloramphenicol		216	3146	1576	1557	1604	
chloroprocaine		3359	116443	6531	57053	1727	476	6336	2539	
chloropyramine		1557	1565	3269	
chloroquine		259249	1544	2532	51284	1576	1565	1559	445	1557	54106	10919	2539	
chlorothiazide		760	3158	6559	762	759	3778	
chlorotrianisene		6097	387129	367	2100	2099	
chloroxine		390245	10919	3320	3064	4986	51053	9682	367	7157	79915	
chlorproguanil		2539	1719	64146	
chlorpromazine		8856	7066	7957	146	1812	1565	7224	5005	3357	6609	148	3356	1813	5004	59340	627	3363	7157	150	1816	1571	1544	147	3350	1576	3358	1559	151	801	4922	1131	1815	3308	1128	885	3417	3757	3269	3362	1814	9429	5243	152	
chlorpropamide		3767	3758	1544	4790	1576	3766	1565	1559	1557	6833	2539	
chlorprothixene		1129	3356	1813	1128	1132	1812	3358	1133	3269	1131	1814	3357	
chlorthalidone		4314	771	760	183	6557	4878	23632	1636	6559	762	759	766	
chlorzoxazone		64816	1544	3778	1576	3783	
cholic-acid		9377	2172	1349	2235	126	1340	2104	151306	1339	1327	1346	1350	5319	1345	1329	1066	1351	
ciclesonide		367	866	2908	
cilnidipine		51053	367	774	
cilostazol		216	7056	1544	5139	7422	7253	1576	1565	1559	1577	1557	1437	5140	
cimetidine		51426	1544	3274	6582	55244	1576	1565	2214	1557	146802	4842	5243	222962	
cinacalcet		51053	846	
cinchocaine		1544	51053	801	4650	6331	6336	390245	
ciprofibrate		5465	54737	3725	
ciprofloxacin		1544	7153	1576	1565	1559	1557	3028	2539	581	1571	
cisplatin		355	1728	1649	285761	4036	5999	374378	366	2068	2175	672	6240	2938	675	4191	5290	2729	7172	4214	246	10951	6573	7515	5925	406991	3845	2176	5728	4496	5917	2261	10257	2395	1312	3569	2922	1786	7422	5980	3976	55902	10919	7052	4300	1677	1647	8661	54474	1869	6597	6790	2052	207	5894	79444	7161	6582	3980	3074	2067	2778	4595	331	3308	4524	4613	3417	4915	5617	6714	2730	995	5243	2551	545	5965	7150	1244	3312	7298	472	216	92815	3458	4893	9121	2072	51727	2952	7520	3360	596	328	238	4780	10849	147700	98	6794	4771	540	1956	7852	7012	5328	10848	6772	3028	3084	150677	2539	2099	581	4255	4494	8856	126	283106	2950	7508	290	1111	55332	4089	7329	79623	3146	2880	2648	1015	54737	7157	4137	1571	390245	2064	4193	8714	1576	5893	1317	4363	2260	4548	4609	51455	2074	10	3248	
citalopram		121278	84062	1565	6728	3589	2869	3351	7166	10919	148	775	3356	6531	2731	7905	5054	627	6095	136227	23327	55312	1576	151194	1385	1557	6530	89932	1395	2892	2289	1128	1577	2932	127254	3269	6532	10098	5243	
citicoline		367	10919	6506	43	
cladribine		56616	56655	100	6241	599	4860	54107	1026	6240	1633	7525	7157	3559	4780	5427	5422	331	50484	7040	84618	5426	
clarithromycin		3684	7498	1544	1576	1565	1559	1577	3576	1557	4842	2150	3586	5243	
clebopride		1813	1565	43	
clemastine		7066	5027	1544	1576	1565	1559	1557	3269	7157	
clenbuterol		3767	6833	154	
cleviprex		775	778	774	776	779	786	
clidinium		1131	1128	
clobetasol-propionate		5319	2908	
clocortolone-pivalate		5319	2908	
clodronic-acid		292	291	293	
clofarabine		50484	322	6240	2322	5426	6241	367	5422	5424	
clofibrate		6517	1544	6319	10599	983	1565	1576	8529	4023	1557	1072	2168	7157	5465	3725	
clomethiazole		1544	2567	1565	1557	10919	2554	
clomifene		5617	5741	2099	
clomipramine		6532	1544	3356	7157	6531	1565	2950	3358	1576	1812	2289	3351	6331	6530	5467	3357	5243	
clonidine		8639	148	146	147	1565	2784	1559	1557	5617	151	150	6580	152	
clopidogrel		29104	1565	1555	375033	5243	8704	1558	64805	1544	1576	1559	3673	1557	5742	51716	8529	1577	1066	3690	4846	
cloprostenol-(+/-)		5733	5729	5731	6915	5737	
cloranolol		153	154	155	
clorotepine		148	146	147	1813	10951	1812	3358	6311	3269	3362	
clorprenaline		153	154	
clotrimazole		8856	7066	1565	51053	367	387129	9970	9266	2740	79054	7253	5594	3091	5467	7157	3783	154	554	1544	54795	1576	10951	983	29994	1559	7226	1557	11069	3579	3725	3320	6311	9682	3757	1072	
clozapine		1129	3107	3361	1812	3355	2740	59340	3352	2904	4907	147	10951	1559	1557	1815	54658	5294	50632	1128	1312	255239	3106	3127	84062	887	1565	3356	1813	150	2166	2668	3952	3125	2641	4524	2289	1132	4915	5617	9135	6714	3363	5243	4160	146	3351	2944	148	3727	6531	2952	718	1816	25970	1544	3358	1268	1131	3760	3359	11201	3699	3362	1814	152	7957	3354	3357	6505	2194	3350	1576	3115	151	23216	1133	3269	3558	6532	
cobicistat		64816	1576	9023	1577	1551	
cobimetinib		4893	5604	6416	4763	5894	5609	5606	5607	673	5608	3845	369	5290	5605	
colchicine		10382	6319	1565	113457	10376	51053	1555	290	10381	7277	7278	6097	81027	79915	2670	10383	2741	627	7846	347733	6717	203068	4780	1544	7280	112714	1576	4908	1559	23476	1557	347688	2742	7849	3689	3725	1387	5294	6517	84617	7275	3606	3576	84790	4133	3084	367	5243	5914	
conivaptan		554	552	
copanlisib		5286	5287	2064	5294	5296	5295	2475	5289	23533	5288	146850	5291	8503	30849	3845	5293	5290	5728	
cortisone		5539	3074	3736	5320	2908	
coumarin		5340	771	765	23632	1565	768	760	1553	2158	632	4780	1544	1576	1559	1557	762	1548	759	1508	
cridanimod		5241	51053	367	3315	3725	
crisaborole		5141	5136	5144	5150	5143	5142	
crizotinib		4089	4869	5782	7157	25	2064	238	4233	1029	6098	2120	673	3845	374	2260	1956	27436	6714	5243	4914	
cromoglicic-acid		6286	3778	
cyamemazine		3350	3356	3363	3358	
cyclizine		6783	3269	
cyclobenzaprine		3356	1565	1812	1577	152	
cyclophosphamide		1576	1548	1565	1559	1577	1551	1557	1555	1558	1562	
cyclosporin-A		28234	5478	2357	819	8647	10105	5530	6554	5535	10599	
cyclothiazide		2892	760	2890	6559	486	2893	2891	5965	
cyclovalone		64127	7421	3417	6311	51053	9682	10919	9429	
cyproheptadine		1129	3362	148	146	147	3356	1128	1565	3358	1812	3269	1131	3363	
cyproterone-acetate		367	134	
cysteamine		10919	6750	4887	1080	
cytarabine		4297	655	10320	1565	2950	22978	5423	7298	6241	10919	116085	6820	2625	6240	1633	2322	10599	7157	64805	1571	5424	51251	1544	861	1576	2623	1559	552859	1557	494514	7490	5422	978	116931	3308	3815	50484	55816	8202	10257	5426	5243	29102	
cytisine		1139	1136	1137	1143	8973	1135	1141	
dabigatran		2147	1066	3183	4835	1577	3176	10525	132	5243	
dabrafenib		4286	5605	4893	3265	2146	5879	5290	7157	207	5604	342371	5894	1029	673	3123	4763	3845	1956	3984	10735	150094	2539	79858	
dacarbazine		5226	1544	1576	1565	1559	1543	3576	1557	5328	132	2944	23649	581	4255	
dactinomycin		6256	5430	10919	3064	1544	7421	1576	246	1565	5467	2908	367	6097	328	2099	7068	5965	
dalfampridine		3747	3786	23415	2078	1565	3748	3788	3762	3752	3755	131096	93107	81033	169522	3751	3756	3743	796	3785	9312	3738	3741	3749	3737	26251	3784	3744	3769	3745	6582	3790	23416	170850	27012	9132	3746	3754	3750	56479	27133	3757	3736	3739	3742	90134	3787	
danazol		1573	4153	5340	2798	1356	1544	1576	1565	6347	1559	3576	93659	412	367	2099	114814	5241	
dantrolene		6263	1544	1576	1565	1559	1557	6262	4137	6261	
dapagliflozin		6524	6523	6527	
dapiprazole		147	1813	148	146	
dapoxetine		3350	1565	3358	3351	6532	
dapsone		2796	1544	3106	1576	1565	1559	1727	3123	3105	2539	1719	
darifenacin		1129	1128	1132	1565	1133	1131	
dasatinib		1441	5753	27	8476	50488	324	51053	4067	3932	51135	1436	6850	1399	5605	2268	2242	11183	3265	640	558	2444	7525	10006	51776	5467	2066	5290	7157	3717	25	5604	2064	5156	4294	4233	695	57551	7006	5586	2534	673	3055	8289	23235	3791	3845	1432	90	613	4763	2260	1956	10188	9212	3984	10733	3815	23387	1969	9748	2261	5159	4921	867	3417	150094	4088	6714	6725	3418	367	9429	6777	8444	
daunorubicin		351	4297	355	3064	655	10320	2950	8828	10013	10014	874	4846	873	7150	7298	2539	10919	80339	3921	1788	4869	54578	8644	2328	3066	2625	9759	7155	64078	641	1633	51564	2322	55869	328	10599	7157	4137	9734	390245	51426	7398	861	2623	552859	3065	79885	4363	494514	7490	54093	7068	540	5916	5965	865	7153	55816	1109	83933	1543	8841	367	9429	5243	29102	8574	
debrisoquin		148	146	147	151	6530	150	152	
decamethonium		410	1134	1135	43	
decitabine		54790	3559	1786	2950	3417	51053	171023	4583	3845	7157	1956	1788	
deferasirox		1544	54659	7421	1576	1244	1543	1594	2638	367	9429	1591	
deferiprone		54578	29994	9682	10919	390245	
deflazacort		367	2908	
degarelix		2798	114814	
dehydroepiandrosterone		2561	8856	3558	4842	2558	5291	116444	7054	2555	2539	6822	6820	2563	2554	9970	55879	2903	332	2670	23435	2567	2568	2565	2557	2100	3667	5290	5465	2904	2906	5595	1576	2562	51083	2560	2564	2559	2566	2902	2905	6517	3292	116443	10280	2556	367	9429	2099	581	1490	
dehydroepiandrosterone-sulfate		367	2100	2099	
delavirdine		8714	1576	1244	4363	9429	5243	
delivert		186	185	
demecarium		590	43	
deoxycholic-acid		2357	151306	
dequalinium		2237	1259	3091	1576	1565	1260	2475	3028	3781	3782	5999	3780	
deserpidine		367	6571	7421	1636	
desipramine		1129	7066	146	1565	6609	148	3356	153	1813	627	150	154	1544	147	3350	1576	3358	151	410	6530	1131	4157	1128	1132	1133	3269	6532	5243	222962	152	
deslanoside		477	482	480	483	481	486	476	367	478	
desloratadine		5467	1576	2205	3269	
desmopressin-acetate		5021	553	554	552	
desogestrel		51053	367	2099	5241	
desonide		5319	367	301	2908	
desoximetasone		4780	3091	301	5319	367	2908	
desvenlafaxine		3064	6531	1565	9	6530	6532	
dexamethasone		1019	185	8692	2168	1499	190	1559	1557	5925	494514	10993	54658	338	6999	6223	1119	1565	4843	3976	2678	332	5970	2158	83716	1103	2744	6646	5836	1021	3363	367	6295	3484	5243	5914	3312	1493	5745	7298	6361	5054	3726	653509	5858	4780	1544	552859	8660	5979	7038	55816	7049	4851	7069	4880	4914	4494	197131	8856	655	2516	1800	2950	2908	7003	6476	2625	7082	1015	3880	7412	1576	2348	301	70	9607	6517	7421	1017	942	1831	4088	4306	6281	3084	
dexlansoprazole		1557	495	496	
dexmedetomidine		1544	1576	1559	5579	1557	151	150	152	
dexrazoxane		5599	1356	7153	7155	1807	5243	
dextromethorphan		4689	4985	653361	1136	1137	1565	5880	1141	1536	1139	1535	5879	4986	1576	4688	1143	6530	2905	116443	10857	10280	4988	1135	2074	6532	5243	
diacerein		836	3320	834	4780	3553	3326	10919	3557	2139	
diazoxide		3767	4907	6616	760	3764	1544	1565	885	6559	4023	796	476	4843	9420	759	10919	3778	
diclofenac		1573	5321	3786	9518	1565	240	5468	1649	290	2678	8792	54578	6361	8644	54575	5320	1544	5335	1576	1559	1557	5742	4353	6329	5743	41	5617	80036	213	9311	3785	
diclofenamide		771	760	762	759	766	
dicoumarol		216	1026	4780	1429	1728	1559	79001	2944	
dicycloverine		1129	1544	1576	1128	1132	1565	1812	1131	10919	
didanosine		7498	3559	7133	1544	1576	1565	22978	1559	1557	627	367	7124	4860	
dienestrol		154	4780	1576	246	247	51053	2099	
dienogest		2099	5241	
diethylcarbamazine		5742	240	
diflunisal		5742	4780	5743	3028	1719	
difluprednate		367	2908	387129	
digitoxin		477	4780	482	7153	480	483	7155	3417	481	486	51053	476	4088	6774	367	478	2908	79915	
digoxin		1471	6863	480	483	1565	51053	6774	7124	2908	5999	6097	79915	477	482	153	481	353189	478	154	4780	1544	1576	1559	486	1557	7849	7432	3417	476	7252	367	5243	1490	4846	
dihydroergocristine		148	3359	3350	1813	153	1812	3356	3361	4137	3363	3360	152	3362	1814	367	1815	1816	
dihydroergotamine		1813	1812	4137	3351	3352	3363	3354	3357	150	3355	
dilazep		7066	4780	1576	2030	79915	
diltiazem		775	3359	1544	113026	1576	1565	1559	781	1557	3741	779	5243	786	
dimenhydrinate		1565	3269	
dimpylate		1576	11069	43	
dinoprost		5733	5732	5729	5731	11251	6915	5737	5734	
diosmetin		4790	5970	1545	4791	
diosmin		51426	5423	5429	9682	196	
diphenhydramine		1544	1576	1565	1559	1557	3176	3269	
diphenidol		1129	1565	1128	1132	1131	
diphenylpyraline		6531	1565	3269	
dipyridamole		5145	10846	5139	5144	100	1565	5152	1812	247	51053	5146	10919	5140	79915	472	5141	5148	5153	5136	5158	27115	7253	5137	7251	5150	672	2648	8622	5347	7398	5151	1576	1559	10411	1557	11069	2030	4363	5147	8654	5143	5149	7068	5138	3320	6517	3576	3028	3326	5243	222962	5142	
disopyramide		1129	3751	1128	1565	3757	3752	6331	1131	
disulfiram		7066	4790	224	51053	10919	185	2678	5999	79915	216	706	2670	1813	6531	54737	1621	5467	5347	154	4780	1544	861	1576	10951	1559	217	1557	3320	865	4524	7421	218	2475	9682	3028	367	5243	255239	3248	
dobutamine		153	154	1812	2778	
docetaxel		8856	4134	10382	113457	10376	10381	7277	7278	81027	10383	7846	347733	596	4137	203068	7280	112714	347688	84617	84790	4133	
dolasetron		3359	285242	9177	200909	1576	9722	3784	170572	
dolutegravir		54658	8856	1576	1577	1551	5452	9429	
domperidone		1813	1565	3757	1814	5243	79915	
donepezil		1139	1103	1565	1577	43	627	590	
dopamine		2237	146	1814	1812	10919	148	1813	6531	153	54737	1621	328	3091	7157	150	1816	390245	4780	3350	147	151	6530	1815	5965	3028	3363	6532	152	
dorzolamide		771	760	1576	23632	762	759	766	
dosulepin		1129	6530	1128	1132	1133	3269	1131	6532	
doxazosin		148	146	147	2475	79915	
doxepin		1129	1131	1544	3274	3356	1576	1128	1132	1559	1565	3358	1557	3757	1133	3269	6530	6532	3357	
doxofylline		5141	5144	134	5143	5142	
doxorubicin		4654	1728	1027	3589	4842	5291	8493	64078	2146	672	2938	5290	4907	7515	1559	1557	54093	5916	5294	218	10257	1543	9429	4846	1565	2214	4843	7052	332	6935	1647	10327	7155	3014	207	6390	85413	861	2067	673	174	1432	4602	7040	4915	6714	7150	5243	4297	1244	1555	2944	472	216	54578	1535	6872	596	328	238	4780	1544	1906	6670	552859	55816	2539	581	8574	8856	4689	655	2950	874	873	5880	2215	3921	8644	2625	627	10599	7157	51426	2064	8714	1576	4363	1545	53353	546	7153	1588	4835	
doxylamine		10919	3269	
dronedarone		146	1565	783	148	775	153	6323	796	3741	779	150	147	1576	151	776	782	3776	778	785	3757	784	367	152	
droperidol		148	3356	1813	1565	3757	1814	1815	
drospirenone		1557	367	4306	5241	
droxidopa		154	155	148	5053	146	147	153	151	150	152	
duloxetine		9652	54881	57194	79750	1565	51053	57101	125170	3356	6531	55904	4684	3358	2220	6530	27130	9378	285852	3362	1814	6532	
dutasteride		79644	6715	367	6716	
dyclonine		216	1544	7421	1565	1559	51053	6331	10919	6336	
dydrogesterone		367	4780	5241	
dyphylline		5141	5144	5139	27115	5150	5143	5142	
ebastine		51053	1576	2475	3269	
ecabet		5225	643834	124056	
econazole		8856	4886	7226	4887	56302	
edaravone		216	1544	7421	1576	596	
edrophonium		590	43	
efavirenz		8856	3172	1565	1244	1555	5243	3586	387129	9970	7364	3356	4780	1544	8714	1576	1559	1557	3123	4363	54658	1577	367	9429	10	
eflornithine		384	10919	4953	
eletriptan		3350	1565	3351	3352	3363	3354	3357	3355	
eliglustat		7357	1565	
eltrombopag		28234	10599	11309	2153	462	4352	6580	
eluxadoline		4988	4985	4986	
empagliflozin		6524	6523	6527	
enalapril		7422	1803	4842	1636	328	10599	7157	183	624	1832	5599	154	1576	8654	3308	2936	4306	1066	1490	4846	
enasidenib		3418	2322	3417	
encorafenib		5604	5894	673	3845	369	7157	5728	1956	
enflurane		2561	54207	2558	2555	2563	2554	55879	338567	2567	2741	2568	2565	27032	2557	779	6261	51305	2890	513	2562	2560	2743	2564	2559	2566	3776	3777	2556	3736	3778	
enilconazole		1573	8856	1544	23435	1576	5732	1559	1577	1588	1555	367	5465	
enocitabine		7298	51727	6240	
enoxacin		7153	7155	526	
enoximone		10919	1812	5139	79915	
enoxolone		51426	57016	5578	5580	3290	1576	1565	1559	5468	5579	1557	
entacapone		51426	1312	
entrectinib		28996	3718	2869	4067	3932	3480	1436	6850	1613	4869	4486	57118	57396	5747	5871	9448	11183	640	6790	558	1196	2444	2322	120892	29110	2241	2324	1022	3717	25	6788	238	57551	6098	4916	695	2321	4233	5588	2120	5586	2534	3791	10188	2260	5979	27436	9212	10733	9748	3815	5582	2261	4915	6714	4058	6197	4914	5562	
enzalutamide		367	1586	5728	
epalrestat		7421	231	4137	60482	
ephedrine		6571	154	148	1813	43	6530	
ephedrine-(racemic)		467	7124	148	153	122953	4772	6531	468	150	1386	154	6530	3725	2353	22926	11016	22809	3558	6532	466	
epinastine		3274	1812	3269	
epinephrine		2237	146	1812	5291	7124	155	148	5602	153	4982	3091	328	8692	7170	150	4137	51738	390245	51426	154	5053	4780	147	151	5965	6517	7421	2475	3028	2539	831	152	
epirizole		5742	5743	1544	
epirubicin		8812	2950	50943	874	4842	3643	5444	332	3161	7155	5054	5528	596	3667	10599	64065	7157	2064	5296	9978	26354	2308	1545	7153	1105	63970	1588	4194	5243	4846	
eplerenone		4306	476	
epoprostenol		5739	5740	5731	5734	64805	
eptifibatide		3674	2266	2244	2243	3690	
ergocalciferol		7421	10919	4780	367	
ergonovine		148	1813	367	3028	3354	
ergotamine		146	3361	1812	3351	3354	3357	3355	148	3356	1813	3352	150	1816	147	3350	3358	151	6530	3362	
erlotinib		8856	50488	1565	324	4067	3480	6850	332	57396	2065	2872	640	5594	2444	7525	2264	2066	5290	2324	3717	7157	25	2064	238	1544	54206	2321	4233	1576	4214	5586	147746	673	3791	3845	4763	4771	5728	1956	5979	54658	9212	999	4058	9748	11309	4921	867	25865	3084	367	9429	5243	
ertugliflozin		6524	6523	6527	
erythromycin		8856	1565	1244	5243	2150	596	5347	7498	1544	1576	1559	1557	3605	4363	2862	3553	1577	3757	2539	581	
erythromycin-estolate		2862	1595	55244	1576	3757	213	5243	
erythromycin-ethylsuccinate		2862	1595	55244	1576	3757	213	5243	
escitalopram		1544	55312	3356	2289	1565	2731	1559	3358	3589	1557	2869	627	3351	127254	7166	6532	10098	653	
eslicarbazepine-acetate		6332	6326	11280	6335	6329	6328	6323	6331	6336	6334	
esomeprazole		1544	495	1576	1548	1565	1559	1577	1557	1571	
estradiol		8856	1356	5788	5627	1565	4843	5468	3976	10919	2852	2908	6097	2101	5021	2100	462	5858	1544	1576	1559	1557	5624	2597	6517	3778	5328	3757	367	2099	1490	5965	
estramustine		354	51426	55775	7398	7421	581	641	3074	2648	4133	596	367	2100	2099	4130	
estramustine-phosphate		4133	2100	2099	4130	
estriol		367	2100	2099	
estrone		1645	5294	23435	4609	412	54579	367	2100	2099	
estropipate		7421	2100	2099	10411	
etacrynic-acid		476	6557	
ethanolamine-oleate		2864	338557	5338	2167	2161	
ethinyl-estradiol		8856	2100	2099	
ethisterone		367	7299	
ethosuximide		1576	6323	8912	8913	8911	
ethotoin		6332	6326	11280	6335	6329	6323	6328	6331	6336	6334	
ethoxzolamide		768	771	760	765	763	23632	11238	377677	761	762	759	361	766	
etidronic-acid		5802	523	
etifoxine		2555	2558	2556	2554	
etilefrine		153	148	8484	
etodolac		5742	5743	4780	
etofenamate		5742	5743	1544	
etomidate		2561	2559	2564	2566	2567	2568	2565	151	2557	2556	2558	2562	2555	2560	2563	2554	55879	
etonogestrel		1551	367	2099	5241	
etoposide		354	9518	1565	2950	1649	51053	1111	7298	472	8648	10914	2740	1869	10097	54575	2068	283871	7155	2952	5594	6585	690	675	596	10599	7157	1544	1576	1559	1557	2067	174	4363	494514	2260	1956	3481	3683	54658	94025	7040	10673	4613	7153	8398	8202	5319	5595	1977	79659	5243	581	
etravirine		8714	1576	1559	1557	9429	5243	
eugenol		216	367	4129	
everolimus		208	5243	7428	472	4893	3265	5295	672	675	2264	2776	2100	8314	5290	4352	207	2064	1499	8242	201163	673	6794	5925	4763	3845	4771	10000	5728	1956	5979	7248	7249	55193	2475	1577	2280	4851	2767	367	2099	57521	
exemestane		58508	632	2064	8644	4780	2100	1109	1588	81027	367	1545	2099	9448	5241	
ezetimibe		29881	6646	290	387129	
fadrozole		2670	1584	1588	1585	9420	1545	
famotidine		3274	9682	2247	6863	
fasudil		1565	1024	1613	57396	868	10110	5613	1020	120892	6197	1022	5566	207	5567	5588	1576	9475	5569	3845	10000	23683	9212	6198	5580	5582	867	11200	25865	2624	6093	9448	
febuxostat		54658	54657	7498	54578	54576	54575	54659	316	54600	54579	367	54577	
fedratinib		7297	3716	3718	23476	2322	3717	
felbamate		2905	2906	2902	1544	116443	1576	1565	1559	1557	116444	2904	2903	
felodipine		775	1080	778	1576	3952	781	51053	783	776	4650	4306	779	5243	4137	
fenbendazole		2740	203068	1544	3417	51053	
fenbufen		5742	5743	
fenigam		9568	2550	
fenofibrate		7422	367	949	1401	4023	348	64386	19	2168	3105	5465	10599	7157	1544	983	1576	335	1559	1557	9370	3725	7035	116519	338	959	1577	3757	3569	1072	5243	
fenofibric-acid		1180	5465	
fenoldopam		5965	1812	10951	151	1816	150	10919	1815	152	
fenoprofen		5742	5743	160728	
fentiazac		5742	5743	
fesoterodine		1129	1576	1128	1132	1565	1133	1131	
fexofenadine		11309	5243	3269	
finasteride		6715	4780	8837	1544	1576	1565	1559	1557	6718	367	7052	2260	6716	
fingolimod		53637	1901	
flavoxate		1129	1565	1128	1133	
flecainide		3767	11280	1544	64326	3743	6331	3741	
fleroxacin		7153	7155	390245	
flibanserin		1544	3350	3356	1576	1565	1559	1557	1555	1558	1815	
floctafenine		5742	5743	4780	
flopropione		3350	1576	
floxuridine		355	2064	1544	1786	2026	1576	1565	1559	3417	1557	7298	596	10057	5290	
fluconazole		3320	1544	23435	1595	1576	1565	1559	1557	213	
flucytosine		1786	367	1806	
fludarabine		10320	100	6820	6241	472	6240	1633	10599	1571	4780	958	2030	5422	4353	331	5294	6387	4088	116085	581	
fludarabine-phosphate		50484	6240	5426	6241	5422	5424	
fludroxycortide		367	866	2908	5321	
flumazenil		2561	2558	2555	2563	2554	55879	2567	2568	2565	2557	4780	1557	2562	2560	2564	2559	2566	2556	706	
flumethasone		5319	367	2908	
flumethasone-pivalate		866	2908	
flunarizine		773	51053	801	8912	8913	3269	10919	8911	79915	
flunisolide		5321	1544	1576	1565	6862	1559	1557	113263	367	2908	
fluocinolone-acetonide		866	2908	
fluocinonide		5321	866	367	6608	2908	
fluorometholone		367	5321	2908	
fluoxetine		1394	1565	1812	4843	6728	3351	7166	3357	55107	3356	84152	5054	7905	1636	627	3360	1544	3350	1576	3481	15	2289	1577	6311	2932	3757	367	6532	5243	222962	
flupentixol		148	3356	1813	1812	1128	10951	6311	1814	7398	1816	
fluphenazine		10919	1544	7398	3356	1813	7157	1812	10951	1565	3351	801	3269	3362	3363	5243	1816	
fluphenazine-decanoate		1813	3351	3360	
flupirtine		3763	5999	7421	1576	1565	10951	3765	3762	3119	3123	3028	3091	10919	3760	3785	150	3784	2139	
flurbiprofen-(S)-(+)		5742	5743	
fluspirilene		7066	3064	1565	51053	387129	10919	3354	79915	3356	1813	7494	3352	54737	5467	786	3350	10951	3417	4088	9682	3757	3269	367	
flutamide		354	8856	7054	10919	6097	332	366	1026	3559	4780	1544	1576	1559	1557	5037	4353	7432	196	367	2539	
fluticasone-propionate		4306	5321	2908	5241	
fluvastatin		8856	28234	54659	1565	7364	3990	1636	348	1558	3156	1071	1576	6564	1557	3123	6720	54658	11309	1577	9429	5243	
fluvoxamine		161357	1544	10280	3350	3356	1576	1565	2247	1559	1557	1312	6532	5243	
folic-acid		113235	6573	2350	2352	
fomepizole		126	10327	125	847	10919	124	
fondaparinux		462	2159	
formestane		367	1588	23435	1545	
formoterol		1557	154	1565	
fosfestrol		2100	2099	
fosfosal		5742	5743	
fosphenytoin		3106	6331	
fostamatinib		6850	5925	
frovatriptan		3350	3351	3352	
fruquintinib		2321	2324	3791	
fulvestrant		2064	2101	1021	1544	2263	2053	5290	2852	7035	898	2100	2099	5728	5241	
fumagillin		10988	4780	
furosemide		760	6558	6557	2859	100379251	6863	2784	335	10257	1636	6559	6915	2922	118	
gabapentin		3786	134	781	783	4842	8913	116444	93589	2903	773	775	9254	777	779	2904	786	2906	27092	55799	27091	2026	774	10369	776	10368	782	8911	2905	2902	778	116443	56479	785	59285	59283	59284	8912	784	5243	
gabexate		7177	7032	5644	
galantamine		1142	1136	1137	1565	43	1145	1141	1139	8973	590	1146	1103	1144	1138	57053	1143	1140	55584	1135	1134	
gallamine-triethiodide		1129	1134	
gallopamil		488	4311	1636	
garenoxacin		2744	7153	
gefitinib		7376	1048	50488	55872	415116	1565	84446	51053	4067	3932	51135	6608	5261	1399	4893	5970	2065	5601	5602	2872	11183	640	558	2444	7525	22933	2066	3654	2324	4137	5290	5292	5599	2064	9641	3551	4233	2263	5156	4214	1559	2012	147746	23235	673	3055	818	3845	1432	23683	10188	2260	1956	3481	5728	3984	9748	1453	4792	4793	817	1577	11200	25865	23118	9429	5243	9448	
gemcitabine		3107	5430	7124	2068	64078	6240	672	988	2274	675	5290	170954	84920	7515	1635	3845	170679	2176	3481	5728	50484	840	2261	400745	9429	64132	11044	55902	6241	7052	3177	2100	462	207	51251	5894	2067	57650	3791	2289	3417	84618	9153	6714	1041	4439	22978	7465	55315	7298	4893	51727	1633	1558	60490	1612	1029	10849	147700	81704	2030	1956	978	2114	10848	79969	4089	1111	5104	2880	30833	3265	7157	2064	135656	7916	546	867	9154	3084	10866	
gemfibrozil		28234	3949	11309	3952	1559	4023	1636	627	3569	10599	5465	3725	
gentamycin		6390	3312	
gestrinone		367	2099	5241	
glasdegib		6608	2475	
glimepiride		3767	3758	1559	6833	10060	3667	7124	2539	
glipizide		3767	3758	6517	3766	1559	5468	6833	2539	
gliquidone		3767	3764	1576	3766	1559	6833	3028	390245	
glyburide		8856	358	1565	5468	3762	3764	19	6338	3767	3758	1080	1576	1559	1557	6833	10060	10057	1374	6517	11309	8647	3558	2539	
glycopyrrolate		1129	1128	1132	1133	1131	
gonadorelin		2798	114814	
goserelin-acetate		3973	2798	
granisetron		3359	285242	9177	7157	1576	1565	200909	1577	1543	9722	2067	5243	170572	
griseofulvin		8856	1576	3859	3028	367	
guanaben-acetate		151	150	152	
guanfacine		1576	1565	1557	151	10919	150	152	
guanidine		1742	6035	2593	217	
halcinonide		367	2908	4780	
halobetasol-propionate		5319	2908	
halofantrine		3757	3783	
halofuginone		7803	3558	4088	4313	7124	2058	7490	1277	
haloperidol		1742	7957	6863	1814	84062	1812	1565	2900	340273	51053	4852	290	1804	5997	3357	2903	3164	775	9456	3756	3356	1813	6505	6531	7157	84107	3352	627	3363	84159	4129	3557	2904	1816	3949	440275	4907	2166	219790	9152	2890	3350	1576	3358	11214	818	1268	1312	1432	4922	22874	1861	1815	4825	2902	3308	6517	3359	285242	10280	1577	3339	2475	3757	3269	367	6532	5243	255239	6261	4160	
haloperidol-decanoate		1814	1813	3356	1815	
halothane		2561	54207	60598	2558	2555	2563	2554	55879	338567	2567	2741	2568	2565	2557	779	51305	513	2562	56659	56660	2560	2743	8645	2564	2559	2566	3776	1548	3777	2556	3028	6261	
hexachlorophene		3064	3312	9099	247	51053	6392	5423	4170	7341	6097	7415	3002	7253	2648	5467	5347	7157	4137	7398	6613	2584	4780	2194	1576	246	29994	10411	2746	11069	7849	7068	3320	7421	3417	4886	9682	222236	5429	4088	3028	367	2099	3248	
hexestrol		1645	2100	2099	
hexylcaine		6336	6331	
hexylresorcinol		4780	7299	1576	367	7398	
histamine		4000	3274	11255	763	59340	759	3269	10919	766	7398	222962	
homoharringtonine		25	6122	7015	613	332	
hydrochlorothiazide		51497	771	5139	51422	3158	83447	8854	118	131578	6934	54790	768	760	84890	441108	153	4925	5054	1636	6585	64478	84444	1445	51196	3758	23327	5578	64839	8089	762	81624	10888	7408	5742	65125	6559	55757	51061	759	80895	3778	162282	
hydrocortisone		8856	5788	2516	4087	4790	100	4843	7298	2908	3291	405	6361	1667	3091	183	2158	653509	3684	2064	4880	4780	1576	182	4312	301	51083	5091	7040	7421	3553	338	5328	4851	4306	1831	3028	3038	367	5243	
hydroflumethiazide		768	771	760	6557	6559	476	762	759	3778	390245	
hydroquinone		7066	7299	4780	4790	3091	958	3553	2950	1728	7153	3576	1588	3028	596	10919	6097	3248	
hydroxychloroquine		351	51284	3552	1565	5743	7298	494514	54106	7098	7124	2539	
hydroxyprogesterone		367	2099	5241	
hydroxyurea		25	50484	1356	1786	1843	1576	3265	6240	641	5741	1791	6241	1977	4217	
hydroxyzine		1544	1576	1565	1559	1577	1557	3757	3269	
hyoscyamine		1129	1128	1132	1133	1131	
ibandronate		5741	2224	
ibrutinib		5336	1565	3718	4067	3932	472	4615	7294	640	7525	2066	7157	2064	7006	695	2534	3055	1956	3702	4088	660	4609	6714	
ibudilast		5141	8654	5139	5144	1544	3553	1576	1565	3569	5143	5142	
ibuprofen-(S)		5742	41	5743	160728	
ibuprofen-piconol		5742	5743	
ibutilide		775	781	796	3757	782	
icosapent		2864	5742	3992	2182	7421	5743	5468	2744	7442	2181	5467	6546	
icotinib		1557	1956	
idarubicin		2237	3064	4689	1812	5423	5880	116085	10919	6820	1788	79915	7155	641	1535	1633	2322	54737	328	10599	7398	4137	1571	51251	51426	10951	2120	7068	11201	7153	2475	6311	5429	3757	1437	5243	5965	
idelalisib		5294	673	5291	5293	5290	5728	
ifosfamide		5742	8856	3308	1786	7157	1576	1548	2950	1559	1577	1551	1557	1555	1558	3569	1562	4255	
iloperidone		148	56853	80224	3350	1813	3356	1812	1565	375298	10718	3363	3269	3362	1814	1815	152	
iloprost		5733	5739	5732	5729	5731	6915	5737	5734	5465	
imatinib		27	10320	1728	4835	6579	1244	57551	1555	3932	4067	6583	5155	4089	1436	332	2139	10941	57396	5244	5602	2952	2444	7525	2322	780	3654	25989	10018	3717	6580	25	5156	238	1499	8534	1029	1544	4233	861	1576	2810	2120	6573	1572	673	5583	4763	3845	4771	613	5979	1956	331	3815	6517	81608	959	10257	5159	1577	4921	4609	92241	4088	6584	9429	5243	4914	
imidafenacin		1131	1128	
imidapril		1585	183	624	1636	
imipramine		1129	146	1812	1565	3752	10919	3751	148	3756	3356	1813	6531	4158	627	1816	1544	147	3350	1576	3358	1559	1557	1131	6530	1128	1132	3757	1133	3269	3362	3363	6532	
imiquimod		51053	51311	3439	51284	
indacaterol		54658	153	154	1128	
indapamide		760	3359	3753	6559	328	3784	
indinavir		54658	6517	1544	1576	1565	1577	1559	1551	1557	7020	1437	5243	
indobufen		5742	5743	
indomethacin		6778	1565	2214	5468	1649	11251	7054	7298	2215	185	2678	332	2739	113235	133	8644	145482	2247	1636	627	5320	5465	3784	9536	4780	1544	2026	1576	3753	1559	1557	7442	174	4363	3689	5742	6517	5743	942	4609	10468	6295	
indoramin		148	146	147	151	152	
ingenol		5581	5580	
ingenol-mebutate		5578	5580	5581	5579	5582	
inositol		921	4893	4907	5340	7006	7040	2911	887	4908	4023	10423	627	3667	7157	1490	
ipratropium		1129	1544	1576	1128	1132	1559	1565	1133	1131	
irbesartan		6517	1544	1576	338	1906	1559	1636	348	6554	185	183	3725	
irinotecan		7361	8856	7422	10512	54600	1244	285761	4089	7298	7329	7048	472	7517	10111	1869	8490	5602	9619	672	675	8824	590	5290	7157	207	2064	864	22943	6573	673	3845	494514	10057	374	1956	5300	54658	116447	4524	1806	546	56479	7040	7421	6470	10257	3831	9636	1066	9429	5243	7150	
isocarboxazid		4129	1544	4128	
isoconazole		5467	3417	29994	51053	1586	10919	
isoflurane		2561	83795	54207	2558	2555	2563	2554	55879	338567	2567	2741	2568	2565	27032	2557	779	51305	2890	2562	2560	2743	2564	2559	2566	3776	3777	2556	3736	6261	
isoflurophate		590	43	
isoniazid		8856	7975	7514	1544	1576	2950	1559	4843	1557	1555	1558	571	7124	5243	1571	
isoprenaline		153	154	155	
isopropamide-iodide		1131	1132	
isosorbide-dinitrate		4881	2974	2977	
isosorbide-mononitrate		2974	2977	
isotretinoin		5916	7038	7421	1577	4023	5915	761	596	367	7068	5914	
isoxsuprine		154	1565	1544	
isradipine		8856	775	778	1576	781	776	779	
istradefylline		135	140	136	134	
itopride		1131	1813	2328	43	
ivabradine		1576	348980	10021	57657	378938	
ivacaftor		115019	1080	
ivermectin		5027	5243	1139	
ixabepilone		113457	10376	10381	7277	81027	10383	7846	347733	2100	203068	2064	7280	112714	1576	347688	3845	84617	7275	84790	2099	5241	
ketanserin		146	3361	1812	3351	6570	10919	3357	148	3356	3352	1816	147	3350	3358	1559	1557	6571	3308	3363	3248	
ketoconazole		1565	10919	6622	54737	3744	4780	1544	1576	10951	29994	1559	1557	64816	3320	7421	8529	9682	9971	9429	5243	
ketoprofen		5742	1565	5743	160728	5376	
ketorolac		5742	1565	5743	
ketotifen		1565	1812	3269	
L-arginine		384	113451	435	4843	84889	445	6541	222545	6545	4846	
L-citrulline		23564	11240	51702	29943	4843	23576	445	4842	5009	353238	222545	23569	4846	
L-methionine		27232	4552	10988	23743	1373	875	5723	10840	635	4548	
labetalol		10855	154	148	1544	146	147	153	1576	1565	1559	4023	1557	2697	
lamotrigine		3107	3172	1565	6328	54657	6326	7364	6323	3119	6331	6580	1544	1576	1559	1557	3123	6332	11280	6335	6329	361	5538	6336	9429	5243	6334	
lansoprazole		8856	495	1565	10919	5999	496	5347	4137	390245	162466	4780	1544	9367	1576	246	29994	1557	23430	2936	7421	3553	1577	1543	3576	4864	5243	
lapatinib		1027	332	2065	7525	2100	2066	5290	595	2064	4233	2263	1576	29904	673	3123	3845	4771	1956	5979	9212	999	3117	1577	8647	6714	3084	2099	5241	
laropiprant		5733	3156	5739	5732	5729	5731	11251	6915	5737	
lasofoxifene		2100	2099	
latanoprost		5742	5737	10257	
leflunomide		3064	4780	1544	9367	1576	2185	3576	4312	196	1723	2099	6606	6607	79915	
lenalidomide		7423	1499	10320	7422	1642	2247	9978	8600	51185	3845	7424	7124	5243	8451	
lenvatinib		4893	5156	3815	2263	2321	3791	673	7525	2324	5159	2260	5979	
lercanidipine		781	51053	10951	786	
lesinurad		116085	1559	
letrozole		58508	2064	1499	1029	2100	1576	1548	5290	1588	4313	4982	8600	1545	2099	5241	
leuprolide		2798	1544	1576	1565	1559	1557	367	2796	
levalbuterol		7253	154	
levallorphan		4988	1135	
levetiracetam		3359	774	6323	759	9900	3105	5243	
levobetaxolol		153	154	
levobunolol		153	154	155	
levocabastine		23620	3269	
levodopa		1742	2237	100	1812	10919	185	3164	9456	4935	1813	6531	7486	641	5594	627	54737	1621	328	4129	6580	1816	390245	51426	10951	7442	3600	1815	4524	11201	5429	9682	3028	1312	1814	581	5965	
levofloxacin		2936	7153	9986	3569	5243	
levomepromazine		1129	146	1812	1565	3357	148	3356	1813	150	1816	147	3358	151	1131	1815	1128	1132	1133	3269	1814	152	
levonordefrin		51426	390245	10919	5965	148	146	147	3091	246	151	3028	6530	328	150	152	
levonorgestrel		6715	2099	5241	
levosimendan		3767	7134	3764	5139	
levosulpiride		771	1544	1813	1576	1565	1559	1557	3757	759	1814	766	
levothyroxine		7067	7056	4780	5054	5468	7252	196	2158	7068	
lidocaine		4353	6326	6332	6335	11280	6505	6329	1576	6323	6328	627	6331	6336	2539	6334	1956	
lidoflazine		1565	6328	6323	3757	2030	
linagliptin		1803	5452	
linezolid		1544	1576	1565	1559	4128	3569	4129	
liothyronine		7067	1544	1576	1565	1559	1557	3351	7068	
lisinopril		59272	4314	7432	1636	6462	183	624	
lisuride		148	3350	1813	3356	1812	3358	3351	151	1815	1816	3352	3362	1814	3357	150	152	
lobeline		57053	6571	55584	
lofepramine		3350	7421	51053	6530	6532	
lomerizine		51053	774	6331	
lomitapide		4547	255738	338	3949	
loperamide		773	4985	4986	7010	7157	1576	1565	7253	2475	4988	801	5443	367	5243	
loratadine		4353	6361	3741	6863	7253	1565	1559	1577	51053	1557	5594	55117	387129	3269	3091	367	
lorlatinib		27436	238	6098	2242	5925	7157	4869	
lornoxicam		5742	11201	5743	1559	2641	
losartan		4868	57118	54658	7364	1576	1577	27347	185	5243	
lovastatin		8856	28234	54659	1565	1244	5829	5291	10919	6097	7364	3066	4023	1558	10599	6607	3949	207	4907	3156	1544	1071	1576	3952	1559	929	1557	6646	3683	6606	7035	54658	116519	5294	11309	7421	1017	338	8529	1577	3417	5617	2222	3988	5243	7057	
loxapine		1129	3274	3361	1812	3351	3354	148	3356	153	1813	6531	59340	3352	3363	150	1816	57582	147	3350	3358	151	1131	6530	1815	3359	1128	1132	1133	3269	3362	1814	6532	152	
lubiprostone		1191	1181	
lumefantrine		476	1576	221785	1577	
lurasidone		3350	1813	3356	3363	150	152	
lypressin		553	554	552	
macitentan		1910	1909	
mafenide		768	765	771	760	23632	762	2539	
malathion		4780	7421	1576	43	3028	
manidipine		776	775	
maprotiline		1544	7253	7157	1576	1565	1812	1559	6311	2475	80036	6530	5243	
maraviroc		4988	1234	
masitinib		25	5156	3815	5747	2263	2185	2261	4067	7525	3055	6714	1436	5159	2260	
masoprocol		2064	240	
mebendazole		203068	1544	10383	51053	7846	
mebeverine		1128	1133	
mecamylamine		1139	1544	1136	1576	1137	1565	1559	1143	8973	1135	1134	
meclizine		1544	1565	1559	3249	3269	9970	
meclofenamic-acid		5742	3786	5743	240	1268	3785	
medetomidine		148	146	147	151	150	152	
medroxyprogesterone		216	4780	7421	2078	1576	1577	4312	6097	387129	367	1545	2099	581	5241	
medroxyprogesterone-acetate		2099	5241	
medrysone		367	5321	2908	4780	
mefenamic-acid		5742	80036	5743	3784	
megestrol-acetate		2908	5241	
melatonin		240	3357	3458	2670	8288	9168	6095	4129	2691	632	1544	438	1576	6096	801	4543	4544	4353	64816	15	5294	7040	2099	811	3553	1551	5617	4609	4133	5187	2730	4835	581	5914	
melevodopa		1813	1812	1816	410	3028	1814	1815	1644	
meloxicam		5742	5743	1577	1559	367	
melperone		3356	1813	
menadione		2147	5627	1728	1565	2677	4128	10919	216	2155	3043	8858	2159	641	5467	4129	2158	4137	7157	632	4780	1544	1557	79001	5624	7421	316	6311	154807	367	4835	
mepacrine		51426	2237	11201	1812	2475	5319	10919	7398	5999	79915	
mephentermine		154	155	148	146	147	153	1813	151	150	152	
mephenytoin		6332	6326	11280	6335	6329	1576	6323	6328	1555	6331	6336	6334	
mepyramine		1544	1576	1565	1559	1557	3757	3269	
mercaptopurine		3615	3251	3614	5471	
mesalazine		240	5468	3586	10919	328	7398	51426	834	3551	1576	2744	1557	9	4353	5742	7421	5743	1147	3028	3248	5965	
mesoridazine		1573	10919	3356	1813	3350	1812	3358	1814	
mestinon		590	43	
mestranol		1544	1565	1559	1557	7252	367	183	2099	2678	
metaraminol		148	1544	1813	1576	1565	1559	1557	
metergoline		7066	3361	1812	51053	3351	10919	3354	3357	3355	3356	3352	10855	3350	10951	3358	29994	3757	3362	3363	
metformin		8856	6928	51422	26121	80704	57094	5564	472	4893	2330	5563	3265	222962	5290	5465	6580	11132	3767	2064	26960	6582	32	146802	6794	3845	5571	5728	6514	53632	269	6581	55244	3417	2475	6667	5565	5562	
methacholine		1129	154	1132	
methantheline		3274	1565	1128	1133	
metharbital		2561	1137	2558	2555	2563	2554	55879	1139	2567	2568	2565	2898	2557	2562	2560	2564	2559	2566	2556	2891	
methazolamide		3107	771	760	3106	23632	3643	762	759	10919	766	
methimazole		632	3559	2670	3106	1809	1400	7173	3952	3576	1493	1437	9420	3123	10919	2215	7124	7157	3725	
methocarbamol		1544	1576	1565	1559	759	
methotrexate		3107	11252	100	3082	54600	1027	114571	54575	3557	54576	6573	3824	8836	1559	1557	5925	54579	54577	7128	54658	6470	8202	10257	270	514	9429	6648	29102	4846	28234	1565	5468	5423	50943	10919	332	1869	6279	3704	7170	6504	55867	2744	259232	174	135	3316	5836	3135	3417	646023	3809	54659	1244	7298	2944	1719	54657	54578	55556	328	84159	5797	4780	1544	3133	552859	4552	9194	11201	55816	4851	5429	9376	6898	3028	3736	4914	581	23384	655	10320	240	6579	6822	2215	2908	113235	23435	2625	2322	2264	54737	7099	2356	10599	7157	595	8714	1576	2348	3385	4363	7421	2346	471	3558	6283	
methoxamine		147	148	146	
methoxsalen		2237	1544	6863	1576	1553	1548	1565	1543	1432	2099	
methoxyflurane		2561	2558	2555	2563	2554	55879	2567	2741	2568	2565	27032	2557	779	2890	513	1576	2562	2560	2743	2564	2559	2566	2556	3736	6261	
methscopolamine		1129	1131	1128	
methsuximide		8911	8912	8913	
methyclothiazide		6559	4780	6557	
methyl-aminolevulinate		2209	2235	
methyldopa		2237	1565	51053	5423	10919	5999	216	839	1813	641	54737	328	150	390245	51426	1544	1576	10951	29994	1559	1557	151	1644	5965	11201	9682	3028	1312	152	
methylergometrine		216	10919	5965	3356	7421	1812	3358	3354	3357	5999	3355	
methylnaltrexone		4988	4985	4986	
methylprednisolone		3627	3458	3559	4780	7157	3689	7224	301	627	5243	941	4609	596	367	2908	3567	
methysergide		216	10919	5965	3356	3361	3350	1812	7421	3358	3351	3352	3363	3362	3354	3357	5999	3355	
metirosine		7350	1544	1576	1565	3439	1559	6531	1557	627	7054	3558	
metixene		1129	1128	1132	1133	1131	
metoclopramide		3359	1544	9177	1813	1128	51167	1565	51706	1727	1585	3360	3558	2539	51700	
metocurine		1129	1135	
metolazone		6557	3028	6559	
metoprolol		2868	154	6521	153	83447	1565	1636	131578	
metronidazole		216	1576	1559	3569	706	
metyrapone		8856	1576	1584	
mexiletine		6863	6329	1565	5328	6331	
mianserin		148	3359	146	3274	147	3356	1576	1565	1812	3358	3309	3360	3269	3362	3363	3357	150	
miconazole		8856	3320	1544	7421	1576	1565	1559	3417	1551	1557	7226	9682	56302	5243	
midostaurin		5584	5291	5590	4869	7525	2322	5290	5156	5578	4916	5588	2120	5579	5583	3791	3845	5587	23683	2260	55351	3308	3815	5580	5582	5581	5159	
mifepristone		354	8856	1812	3976	387129	10919	2908	6476	627	54737	4780	1576	10951	29994	2778	2475	9682	367	5243	5241	
miglitol		23269	2595	2548	23193	8972	
miglustat		23193	7357	
milnacipran		161357	3350	6530	6532	150	
milrinone		5138	5141	5139	8654	5140	
miltefosine		5290	1437	5319	7124	5243	
minodronic-acid		9453	2224	
minoxidil		3767	5742	3758	3764	1544	1576	3766	1565	1559	796	1557	10060	6817	
mirabegron		153	154	1565	155	
mirtazapine		121278	1565	1555	3356	150	25970	3350	3952	3358	1559	1557	151	51083	6517	3359	2289	1577	9135	152	
misoprostol		5733	5739	5732	387129	5734	
mitiglinide		3767	6833	3766	5468	
mitotane		1583	4780	1584	1555	3757	6097	2099	472	
mitoxantrone		2237	7066	3064	1786	4790	10919	29127	3921	5999	79915	79623	7486	7155	672	641	5594	7525	54737	596	10599	7157	5292	51426	1576	10951	5893	410	54579	4154	7468	7153	11201	6311	5429	9682	4088	9429	5243	581	5965	
mivacurium		1129	590	1135	
mizolastine		2205	3269	
mizoribine		10919	3614	
moclobemide		1557	367	4129	4128	
moexipril		59272	1636	
molindone		3356	1813	1812	3269	10919	
mometasone		301	2908	
monobenzone		4780	7299	1544	
montelukast		10800	4048	4056	56934	10060	1544	11309	54659	1576	1565	240	1559	1577	1557	64409	1558	4363	4300	
mosapride		3359	3360	
moxifloxacin		7153	2539	3757	
moxonidine		151	150	152	
mozavaptan		553	554	552	
mycophenolate-mofetil		3615	3614	
mycophenolic-acid		3615	3614	
nabumetone		5742	1573	1544	5743	11069	6606	6607	
nadolol		154	155	153	6579	4023	
nafamostat		715	216	7177	7113	41	7032	5644	9311	7124	40	54822	
nafcillin		8856	9356	1576	1544	
naftopidil		148	10951	5594	8912	10919	
nalbuphine		4985	1544	4986	1576	1565	4988	
nalfurafine		4988	4986	
nalmefene		4988	4985	4986	
naloxone		2922	4985	4986	4908	117	1385	4988	627	5617	290	7099	2099	5914	1392	
naltrexone		4985	4986	10280	6863	4988	1621	581	2641	
naphazoline		1813	1565	148	150	
naproxen		5742	5327	1544	1576	10951	5743	1559	1565	3576	1557	213	6288	
naratriptan		3350	3351	3352	3354	3355	
nateglinide		3767	3758	1544	1576	3766	1565	1559	5468	796	6833	1557	10599	
nebivolol		153	154	1565	155	
nedocromil		10800	3320	2357	57105	5729	113263	
nelfinavir		207	1544	1576	1565	1559	1551	1557	1555	7020	3569	7099	5243	
nemonapride		1814	1813	1815	255239	
neomycin		6517	5294	7852	2993	6019	
nepafenac		5742	5743	
neratinib		2064	5290	673	7525	8924	3791	3845	2100	2099	1956	5241	
netupitant		6697	6869	
nevirapine		8856	6941	1565	1244	1555	10622	54535	9429	89845	3119	10758	360158	1544	8714	1576	1559	1557	9370	4363	1548	338	1577	10866	5243	
niacin		1544	4837	27198	23475	8843	1565	1576	1559	1557	338442	84649	
nicardipine		8856	10919	775	3553	1576	10951	1812	2475	6311	5617	627	5243	367	140	79915	
nicergoline		148	150	
niclosamide		6256	8321	7066	1565	324	51053	6774	10919	7253	5315	3091	5540	7157	4137	6607	57582	4780	1544	9367	1576	1559	2778	6606	3417	6311	2475	196	4864	
nicorandil		3767	1559	1557	10060	2539	
nicotinamide		683	23408	23411	142	23410	3939	
nicotine		1129	1142	1356	2587	1136	1137	1565	1812	1649	1555	5243	2035	1019	7428	7365	1141	8989	54657	1026	3164	2328	1139	1869	1813	1553	6531	627	8973	6916	1103	1576	5447	4908	1138	57053	1143	1385	174	55584	54577	1644	1991	2326	7040	116443	9177	1588	4988	3084	1135	1312	3094	255239	23284	581	
nifedipine		8856	2922	8001	320	4790	1565	1812	781	51053	783	4650	10919	2908	5999	6097	79915	216	775	148	2670	2741	5594	54737	3091	3741	779	4137	595	390245	4780	1544	1576	10951	774	29994	1559	8170	1557	776	801	4922	816	2743	6646	3308	1991	778	7421	1577	6311	80036	8912	3736	3028	367	5243	3248	
niflumic-acid		5742	1180	5321	55107	1188	5743	54600	5319	1187	3784	
nilotinib		25	54658	5156	3815	4921	780	5159	4067	2322	4763	3845	613	9429	
nilutamide		354	4780	1544	1576	1565	1559	1557	367	
nilvadipine		367	776	775	
nimesulide		5742	4353	10919	3308	55775	1544	5743	1565	1559	1557	4057	4842	2539	328	30814	
nimodipine		2353	9971	775	2670	1080	778	786	1577	4843	4908	5054	4306	776	779	5243	79915	
nintedanib		4067	3932	2268	640	2444	7525	2322	2264	2324	207	5156	2321	2263	2534	3055	3791	2260	5979	8837	2261	6714	5159	
niraparib		5728	3417	672	675	142	91607	545	10038	472	
nisoldipine		10919	773	775	1544	4780	778	7421	1576	1565	1559	51053	1557	776	367	779	
nitrendipine		778	781	776	3757	185	5243	3783	786	
nitroxoline		839	3320	3064	4780	7421	5467	29994	3417	51053	4088	9682	10988	10002	367	
nizatidine		3274	6863	
nonivamide		1544	1576	246	1559	7442	367	
norepinephrine		2237	55775	146	1812	6570	10919	155	148	153	641	328	150	4137	51426	154	5053	147	151	4154	6571	5965	11201	7421	5429	9682	1312	152	
norethindrone		5340	4780	1557	93659	5617	4922	367	5858	5241	
noretynodrel		367	5241	
norfloxacin		10919	7153	2539	390245	
norgestimate		7225	7222	367	2099	5241	
norgestrel		6715	4780	3309	6462	367	2099	5241	
nortriptyline		1129	146	1565	1812	10090	155	148	3356	153	1813	3766	627	7157	150	154	147	3350	3358	151	1131	6530	23516	10280	10857	1128	1132	2784	6311	1133	3269	3362	6532	5243	152	
noscapine		10280	1576	1559	1557	3091	
octreotide		354	4353	5294	7038	9170	6752	6753	6751	6755	5291	4771	3484	
olanzapine		1129	2947	3361	1812	5999	55879	3355	477	2740	2328	59340	3352	5367	22987	154	7172	147	1559	339745	2560	1815	54658	2559	1128	1577	1543	1312	2671	3274	887	5468	2555	155	3552	3356	1813	2568	2565	2557	150	2166	1103	3952	2641	2566	4524	1132	2556	9135	3363	5243	4160	2561	3351	2558	148	2567	1816	25970	3358	1268	1131	64816	2564	3359	2548	2784	3362	1814	152	7957	2696	3354	3357	2563	2554	153	627	440275	3350	1576	151	2562	23216	2326	196	1133	3269	255239	6532	
olaparib		79728	51755	545	142	1111	7428	472	3066	2175	672	580	675	2100	8314	5290	7157	2064	23624	4233	3845	5728	10735	3417	10039	11200	4609	3418	2099	10038	5241	
olmesartan		185	10599	
olmutinib		1956	695	
olopatadine		6273	6271	6284	3269	6285	6283	
olprinone		10919	5139	
olsalazine		4297	3458	4221	7172	
omarigliptin		3757	1803	
omeprazole		8856	6863	495	1565	2950	5243	4170	10919	7124	496	5347	4137	390245	4780	1544	1576	10951	29994	1559	1557	3074	3067	3315	7432	7421	3553	1181	1577	3576	9682	196	1437	2539	3248	
omeprazole-magnesium		495	496	
ondansetron		5539	3359	2936	9177	3356	1576	1565	1577	6532	5243	
orlistat		2194	8513	26090	4023	5054	5406	1268	221955	57406	747	
oseltamivir-phosphate		1066	4759	4758	
osimertinib		4893	2064	4233	3845	1956	
ospemifene		2100	1555	2099	1559	
otilonium		51053	7398	775	
oxaprozin		5742	2053	5743	
oxatomide		1576	1565	8912	3757	3269	3091	
oxcarbazepine		3106	54600	1244	6328	6326	7364	54575	6323	6331	54576	3123	54577	6332	11280	6335	7421	6329	6336	5243	6334	
oxibendazole		51053	203068	10383	
oxprenolol		153	154	
oxybenzone		216	3064	1544	3991	3248	
oxybuprocaine		6336	1565	1544	
oxybutynin		1129	1576	1128	1132	1565	1133	1131	
oxymetazoline		148	146	147	1576	1565	3358	3351	151	3352	2539	150	152	
oxyphenonium		1131	1128	1132	
oxyquinoline		4780	29994	4088	10988	367	6097	
oxytocin		5599	554	2516	553	552	5020	5021	581	2641	
paclitaxel		10382	1649	1026	2068	6240	672	675	5290	203068	1826	4214	3845	5728	2353	8379	5294	840	1577	4988	7090	9429	6648	28234	113457	3976	55902	10381	6850	3925	332	10383	1869	89845	6790	347733	207	5894	2067	347688	4602	2342	4313	6714	367	5243	1244	51053	27250	2944	472	81027	283871	2952	596	3717	7280	112714	1029	1978	166378	2030	1956	3576	4851	8856	4134	2950	10376	4089	4778	7277	7278	2044	627	7846	7099	10599	7157	4137	836	2064	3559	5156	4233	8714	2194	1576	121512	1910	4363	1545	6663	84617	7153	1017	84790	1588	4133	85363	3084	10	
palbociclib		896	894	9149	6598	1111	1019	898	1613	10298	4486	57396	4893	5871	5601	5613	11183	6597	1196	1020	120892	2322	6197	2100	5290	595	5599	2064	238	57551	4233	1029	9475	673	5925	3845	5562	23683	5728	5979	1021	1030	1859	4751	1025	2099	9448	5241	
paliperidone		25970	3356	1813	1565	1812	9135	10919	2066	4160	
palonosetron		2067	1565	3359	
pamidronate		942	846	3576	1558	2224	
pancuronium		1129	1137	1135	1131	1134	
panobinostat		4297	3066	9759	4613	83933	10013	10014	3065	51564	673	8841	55869	79885	3845	6598	8314	9734	
pantoprazole		495	7421	1577	1557	5243	4137	2641	
papaverine		1387	7066	10846	4780	5144	146	7498	1576	10951	1565	1559	5328	1557	10919	8654	5142	
paracetamol		2011	7361	5321	1728	1565	54600	3312	728734	6822	6817	8792	54657	54578	1026	4502	3119	3360	6783	1571	595	2166	1544	5335	1576	1559	1557	7366	9420	7442	5742	1017	5743	1548	3576	6818	4988	6046	3558	445329	
paramethadione		8911	8912	8913	
parecoxib		4057	5743	
pargyline		4129	4128	
paricalcitol		7421	632	
paroxetine		1129	1565	6728	3351	367	7166	10919	161357	133	3356	7905	627	2668	1544	3350	1576	6530	1131	9177	2289	1128	1132	1577	6311	2475	1133	1312	5025	1814	6532	5243	
pasireotide		6751	6755	6752	6753	
pazopanib		3106	3932	3480	1436	5747	3066	5601	6790	7525	1558	5467	7157	2324	1022	25	5156	5599	238	57551	4233	2321	2263	1576	2534	3791	3845	4763	10188	2246	2260	10019	5979	9212	3984	4058	3815	54658	3702	2261	5159	2475	4751	367	9429	9448	
peficitinib		7297	2185	3716	3718	3717	
pefloxacin		3558	7153	3458	7155	
pemetrexed		113235	238	5728	2618	4524	6573	8836	1244	2352	7298	471	3845	1719	1956	
penbutolol		3351	3350	153	154	
penfluridol		367	5467	8913	
pentamidine		1787	3553	7177	
pentolinium		57053	1136	1143	1137	
pentostatin		100	5562	
pentoxifylline		5145	10846	5139	5144	5152	134	5146	7124	5140	5141	5148	5153	2670	5136	5158	27115	5111	5137	5150	136	596	8622	5151	4907	151	135	5147	8654	5143	5149	3689	5138	3553	7450	3576	5142	
perhexiline		1374	1544	1375	1576	1565	1376	1557	
perindopril		2539	185	623	1636	
perospirone		1814	1813	1815	
perphenazine		7066	1812	1565	51053	5999	3356	1813	54737	7157	1544	10951	3358	5893	801	7334	2475	6311	3757	3269	3362	3363	
PF-06463922		27436	238	6098	2242	5925	7157	4869	
phenacemide		6332	6326	11280	6335	6329	6328	6323	6331	6336	6334	
phenazone		5742	5743	
phenazopyridine		2539	6323	
phenelzine		1558	84706	18	8639	1544	9367	6531	1565	1576	2572	1557	4128	6530	10919	6532	4129	2875	
phenindione		10919	79001	
phenoxybenzamine		216	148	4780	146	147	1813	1576	10951	1565	151	150	152	
phenprocoumon		6810	8529	1557	79001	2052	5624	5465	
phentolamine		3767	250	148	6517	146	147	1813	1565	1557	151	7298	150	152	
phenylbutyrate		3066	9759	83933	10013	10014	3065	51564	7520	79885	8841	55869	596	6606	9734	
phenylephrine		3684	154	3308	148	5294	146	147	1813	1812	2247	7450	4914	4842	581	
phenytoin		8856	3106	7422	1565	54600	6328	6513	1555	7200	2554	2678	54578	6326	6323	6331	2052	4780	1544	1576	4908	1559	5460	1557	7366	10877	6332	11280	6335	4524	7038	6329	1548	1577	1543	1588	361	6336	10	6334	
physostigmine		216	10919	590	43	
picotamide		6915	1576	
pilocarpine		1129	2353	1103	1128	1132	1548	4908	4915	5617	627	1133	1131	4363	4914	
pilsicainide		367	6331	
pimavanserin		3356	1813	
pimozide		6256	7066	1814	1812	1565	387129	79915	3356	1813	7494	5594	54737	3091	5467	7157	1816	3744	3350	1576	10951	1557	801	1815	8911	3417	6311	2475	9682	3757	3269	367	
pinacidil		3767	1576	796	6833	10060	
pindolol		154	3350	153	3356	2717	3357	
pioglitazone		8856	3308	2670	7040	1576	1559	5468	1577	80036	5789	6513	7525	9370	2539	7057	51738	
pipamperone		3350	1813	3356	3351	3352	3269	
pipecuronium		1129	1131	1135	
pipenzolate		1565	1128	
piperidolate		1565	1576	1128	
pipotiazine		3350	1813	3356	1812	
pipotiazine-palmitate		3350	1813	3356	1812	
piracetam		2893	2892	2891	2890	
pirarubicin		4297	2237	51426	3064	7153	2744	4363	7398	
pirenzepine		1129	1128	1132	1565	1812	1133	1131	10919	
piretanide		10919	6558	6557	3028	3091	367	
pirfenidone		1544	7040	5045	6300	3028	5600	1432	7124	5603	
piribedil		148	1544	3350	1813	1576	1565	1557	1815	1814	3357	150	152	
piroxicam		5742	1544	1576	5743	1565	29994	1559	1557	9682	5320	2678	
pitavastatin		3123	3156	10599	1244	
pivagabine		1394	1395	
pixantrone		7153	7155	
pizotifen		3350	3356	3358	
plerixafor		4297	4221	7852	57007	1233	729230	
podophyllotoxin		10382	113457	51053	10376	3480	10381	7278	7277	81027	10383	7155	7846	347733	203068	7280	112714	1576	190	347688	7849	84617	7153	84790	367	
ponatinib		27	7010	4067	3932	1024	8737	7525	10006	2322	2264	5290	25	5156	2064	4233	2263	673	3791	3845	613	8767	2260	5979	1956	3815	11035	2261	5159	6714	23097	
posaconazole		6608	1576	
pralatrexate		64146	1719	5981	
pralidoxime		590	43	
pralidoxime-chloride		590	43	
pramipexole		3350	1813	3356	1812	3358	3351	151	1815	1816	3352	1814	3357	150	152	
pranlukast		10800	4790	57105	6037	4583	7124	3567	
prasugrel		1576	1559	1577	1557	1555	375033	4914	64805	
pravastatin		28234	1244	4842	4314	3990	387	1636	348	4023	3363	19	7099	10599	3949	221458	3156	9510	1071	1576	3123	4547	29881	4524	11309	9177	3553	9356	338	8647	4313	9376	3558	9429	5243	581	
prazosin		5599	148	146	147	1576	4842	151	3757	3028	367	9429	90134	150	81033	152	
prednicarbate		4780	301	5319	367	2908	
prednisolone		5340	866	2214	2539	80339	2215	2908	250	3146	632	4780	1576	301	5925	7259	7038	947	1577	4851	4306	29940	6898	367	3931	5243	581	
prednisone		5788	655	1565	2950	1493	7298	2944	2908	4155	3458	2625	4158	348	796	2938	7172	1544	3290	1576	1559	552859	1557	301	494514	3689	7038	6387	55816	7450	3028	367	5243	29102	
pregnenolone		6820	2101	4780	
prilocaine		6332	6326	11280	6335	6329	6323	6328	6331	6336	2539	6334	
primidone		2561	1137	6328	2558	2555	2563	2554	55879	6326	1139	2567	2568	2565	6323	2898	2557	6331	2562	2560	6332	2564	2559	2566	11280	6335	6329	80036	2556	2891	367	6336	6334	
probenecid		53919	24145	9356	55867	9376	367	2539	4363	5243	
probucol		19	1066	8647	3757	
procainamide		1786	64326	10	6331	
procaine		3783	27345	3780	3359	116443	4128	6531	3779	6336	27094	6262	1135	3781	3782	6261	4129	3778	10242	
procaterol		154	5999	
prochlorperazine		1814	1812	1565	51053	4170	10919	3356	1813	54737	7157	1544	1576	10951	29994	1559	1557	11069	1815	3417	6311	9682	3269	3558	255239	
progesterone		1645	354	355	8856	1356	6256	5627	55775	1565	467	7224	1027	117155	960	6513	5291	1890	1019	1436	538	2215	2908	5564	6097	7052	216	2670	23435	117144	5594	5076	10535	5021	7170	5376	462	5858	940	595	347732	25	7157	3559	4780	1544	4986	1576	1559	1557	9475	4831	9607	5266	5624	2047	5728	1380	5294	6517	2099	5319	378807	1075	1577	4306	1586	1437	3084	412	4880	367	6898	5243	5241	
proglumetacin		5742	5467	5743	
proguanil		1576	1557	64146	1719	6580	
promazine		1129	148	1544	146	147	1813	3356	1128	1132	1812	3358	1565	3091	1133	3269	1131	1814	1815	
promethazine		1129	3064	1544	1128	10951	1132	6311	1543	1565	1812	5617	1133	3269	1131	10919	
propafenone		154	153	64326	1565	1576	1812	2475	3757	6331	3741	5243	
propantheline		1129	1544	1128	1132	1565	1131	
propentofylline		1544	5999	5136	
propiverine		1128	1133	
propofol		351	2561	54600	4843	4842	2558	2555	2563	2554	55879	6326	2567	2568	2565	2557	2166	154	2026	1559	2562	7442	2560	2564	2559	2566	6329	2556	3757	5243	
propranolol		632	154	155	2670	1544	153	1576	1565	116	1559	1557	627	3316	2539	10919	5243	1490	
propylthiouracil		4353	3559	1544	7173	1565	1733	1559	3952	1557	5617	627	4650	2697	3123	5564	7124	7157	
proquazone		5742	5743	
protriptyline		7066	4790	1565	1812	3028	6530	6532	
proxymetacaine		6336	6331	
prucalopride		3359	3360	
pyrazinamide		4353	1544	2194	1576	1565	1559	1557	1555	7124	
pyridoxine		8566	7124	3240	4914	1644	
pyrimethamine		3073	8517	55244	2950	3417	3558	52	2348	6774	367	1719	
pyrithione-zinc		56479	3785	9132	3784	
quercetin		2237	2147	1812	3297	5291	5590	4155	4791	146850	5295	3091	5290	5578	2859	246	1559	1557	26275	5294	338	1543	5582	4790	23533	5423	10919	5970	1869	7525	8503	5293	554	2584	29941	3055	5583	5587	23683	3315	947	25865	995	7150	2551	5965	5584	247	5444	79915	216	641	328	1544	5586	11201	5289	5429	3028	5585	5595	581	5287	133688	9262	30849	54737	5286	4137	390245	5292	25	51426	7498	5588	1576	5296	5579	2936	5580	7153	5581	5288	1588	3248	
quetiapine		1129	7957	5144	146	1812	1565	3351	693167	3354	3357	5999	3355	148	3356	1813	3352	3363	150	2904	1816	440275	2166	25970	1544	147	3350	1576	3358	1557	151	1268	1131	6530	1312	1815	4160	3359	1128	1132	1577	1133	9135	3269	3362	1814	6532	152	
quinapril		4609	183	1636	
quinestrol		3417	6311	51053	2100	2099	
quinidine		3775	83795	1565	3756	3743	6331	3741	57582	1544	9424	1576	3753	1559	1557	8645	157855	27133	1551	3757	5243	222962	
quinine		3783	64326	1565	1576	1551	9312	2815	3558	2539	5243	7068	222962	
rabeprazole		216	496	495	3553	7421	247	1557	3074	3586	10919	7124	4137	
raloxifene		7066	1565	3480	2852	2796	216	7015	2100	5290	4137	7157	51738	54576	1544	1576	10951	1557	3572	54658	3570	5327	5294	7421	3553	5743	23090	6311	7252	3028	2099	
raltitrexed		1017	6573	1027	213	7298	596	2356	1719	
ramatroban		4297	4221	6915	11251	4154	
ramelteon		4543	4544	
ramipril		4313	7040	1490	1636	
ranitidine		2922	3308	1544	3274	2157	1576	1565	1559	796	1557	5741	5319	10919	5243	
ranolazine		5340	6335	6329	1576	1565	6331	6336	5243	
rasagiline		596	1813	4129	
rebamipide		5594	2357	2247	
regadenoson		134	270	136	135	140	
regorafenib		7422	7010	55294	324	7428	4893	2444	7525	5290	2324	25	5156	5894	2263	2321	673	5600	3791	3845	2260	5979	1956	3815	1969	4921	369	5159	4914	
repaglinide		3767	8856	3758	10644	1576	4760	169026	5468	9722	6833	5078	367	1558	10060	6934	3784	
reserpine		8856	7066	6863	3082	51053	6570	7298	10919	2796	79915	4023	54737	4137	4907	1576	10951	29994	7442	6571	5743	9682	4057	3757	367	5243	
resorcinol		5742	771	760	1576	23632	759	
retinol		6256	6017	57665	6010	8854	51109	5949	216	7182	54884	10901	220	112724	5947	9227	3949	4780	50700	6257	7038	5959	6258	145226	3576	3757	5328	367	9249	2099	581	5914	
ribavirin		3107	1471	3614	3106	22978	3615	132	6097	101180976	216	949	5167	1594	4277	8638	120227	3704	596	3105	7157	3949	4312	2030	1956	7432	285	7421	79068	3606	3875	3576	7450	9153	3569	6532	282617	
ribociclib		896	4893	2064	1021	1029	894	5241	5290	6597	4851	673	5925	1019	2100	2099	595	
riboflavin		672	645	3028	55312	
rifampin		8856	28234	23316	1565	6579	2950	4843	1555	7124	1558	10599	1544	1576	84871	1559	1557	1545	1577	9750	367	5243	
rifamycin		28234	10599	6579	11309	
rifapentine		8856	1576	1559	1558	367	
rilmenidine		1576	1565	150	152	
rilpivirine		8856	6336	
riluzole		54207	6328	7224	50801	6326	23435	23657	6323	6331	3783	1544	9367	1576	3782	3780	6332	11280	6335	3776	6329	3757	4864	6336	6334	
rimexolone		2101	4780	866	301	2908	
riociguat		2977	3000	2982	2983	2974	
ripasudil		9475	6093	
risedronate		10919	3553	2224	4982	
risperidone		8856	7957	3064	146	11255	54659	1812	1565	6347	54600	3351	3354	7124	5999	8792	3355	54657	54578	148	2913	3356	1813	54575	59340	3352	3363	2917	7082	150	2904	1571	207	440275	51738	154	2166	25970	54576	2194	147	3350	1576	3952	4908	3358	1557	151	2895	4922	1268	1312	27068	1545	54579	1815	54577	54658	4160	345222	1543	3757	9135	3269	3362	1814	6532	5243	255239	152	
ritonavir		8856	54659	1565	1244	1555	387129	348	2648	1558	7099	1571	3627	1544	1576	1559	1557	345	4363	54577	54658	7421	1577	1551	5243	282617	
rivaroxaban		2153	5243	2159	
rivastigmine		1103	590	1139	43	
rizatriptan		3350	3351	3352	3354	3355	
rocuronium		1129	3359	6579	1135	10599	5243	
roflumilast		5141	5143	5144	5142	
romidepsin		4297	10013	10014	1485	4170	332	1026	3066	9759	51564	55869	1032	9734	2064	3065	79885	3845	83933	8841	
ropinirole		3350	1813	3356	1812	1565	3358	3351	151	1815	1816	3352	1814	3357	150	152	
ropivacaine		1576	1727	6331	6336	2539	
rosuvastatin		221458	3156	2328	10599	28234	11309	1401	1244	1577	8647	27235	3123	9429	
rotigotine		3350	1813	1812	151	1814	1815	1816	
rotundine		1814	1813	3350	1812	
roxithromycin		2862	7498	6356	1576	942	154796	2150	941	3558	
rufinamide		6332	6326	11280	6335	2915	6329	10951	6323	6328	6331	6336	6334	
rupatadine		5724	3269	
rutin		51426	5970	8644	4791	2548	4790	1543	5423	174	7124	390245	
ruxolitinib		7297	1441	64109	1576	3575	3716	3718	10019	7428	5329	4352	3717	
safinamide		6332	6326	11280	6335	9254	6329	785	774	6323	781	6328	6331	784	4129	6334	
salicylic-acid		1645	9311	5743	5742	
salmeterol		367	153	154	1577	
sapropterin		7166	5053	7054	4846	
saquinavir		8856	1576	3417	6311	9420	3569	7099	5243	
saroglitazar		5465	5468	
sarpogrelate		51053	3356	3357	3358	
sasapyrine		5742	5743	
scopolamine		1129	1128	1132	1133	1131	6476	
selegiline		1576	1565	1559	1557	1555	6869	4128	4129	6580	
seratrodast		6915	5467	
serotonin		3361	1812	3351	10919	3354	3357	3355	3356	7253	3352	2648	3360	1816	1544	3350	3358	3359	9177	3362	3363	206358	
sertraline		1812	6728	1555	6531	7905	1636	3105	7157	3350	983	1576	3725	10536	2784	1577	6311	3417	1312	1072	6532	5243	
setiptiline		3356	3358	3269	
sevoflurane		2561	54207	2558	2555	2563	2554	55879	338567	2567	2741	2568	2565	27032	2557	779	51305	154	2890	513	1576	2562	2560	2743	2564	2559	2566	3776	3777	2556	3736	5243	6261	
sildenafil		5148	28234	11309	7422	1576	2784	10057	1636	1577	5146	10599	8654	5149	4846	
silibinin		216	3320	2147	28234	11309	1576	240	51053	3028	3326	10919	10599	5243	
silodosin		147	148	146	
simeprevir		28234	1544	1576	1557	1558	10599	5243	282617	101180976	
simvastatin		8856	28234	22937	54659	1565	54600	1244	3976	5243	5444	7364	23435	2628	3990	387	348	1535	627	3363	6262	1558	19	7170	5347	5465	23463	3156	221458	4780	1544	1071	1576	3953	1559	1557	3605	5360	3123	2152	3689	54658	116519	7056	5294	1056	11309	9177	1577	3417	4313	10002	367	9429	729230	7057	
siponimod		8698	53637	1559	1903	1901	
sirolimus		3574	8856	55294	324	1649	4842	1493	4170	3586	7052	6934	5602	2247	3265	1634	5290	6009	3717	7157	207	2288	5292	2064	5934	4780	54576	201163	4986	5447	3605	4312	6794	5925	4763	3845	3600	7490	2260	1956	27436	1644	3683	5728	6198	3484	7248	2475	1577	5328	2280	5562	367	1977	9429	5243	581	5241	
sitagliptin		2740	139760	1803	
sivelestat		1991	1990	
SN-38		54659	54600	1244	10013	10014	54657	54578	3066	54575	9759	51564	8824	55869	590	10599	9734	54576	3065	79885	4363	54658	83933	8841	1066	9429	5243	7150	
sofalcone		4780	7421	51053	641	2648	873	7398	3248	
solifenacin-succinate		1129	1128	1132	1133	1131	
somatostatin		4985	6752	6753	6751	4988	6754	6755	
sonidegib		4613	5727	51684	6608	1956	
sorafenib		5597	54600	7124	5603	3162	5601	3091	5290	5599	1559	3845	5728	2261	369	4846	7422	4067	2872	6790	558	7525	2324	207	5894	57551	2321	4916	673	5600	3791	1432	816	3984	6198	9748	4915	5159	5243	8444	28996	1244	51053	1555	1436	7428	4893	640	5594	1558	3654	5979	1956	10733	3815	1969	4921	6300	5595	4914	50488	1024	5777	79623	5602	11183	5598	51776	2322	10599	6580	25	5156	2064	4233	1576	147746	6565	8289	4763	2260	9212	2248	5596	6732	23097	
sotalol		154	1544	153	1576	1565	3753	1559	1557	3757	367	
spiperone		146	1814	1812	1565	367	3357	148	3356	1813	3352	3091	1816	4780	147	3350	3358	1557	1815	3362	3363	
spironolactone		8856	5468	781	4846	783	8913	6462	118	7124	2908	773	775	9254	153	1636	779	786	154	1544	55799	774	776	1585	9420	9370	1545	782	8911	7068	778	785	1543	4306	1579	8912	784	367	5243	1490	5241	
stiripentol		2567	2556	
sulfanilamide		1576	1565	1559	1557	2539	1571	
sulfaphenazole		1725	1544	4790	1576	1565	1559	1557	3028	
sulfasalazine		3106	1565	240	5468	1890	7298	1719	113235	4791	23657	38	6916	3091	9308	4137	4907	3551	1544	1576	1559	494514	5742	4524	5743	1147	5319	9429	2539	3248	
sulfinpyrazone		216	8856	10919	7421	2357	1576	54600	1244	4363	116085	3248	390245	
sulindac		5742	6256	2328	1544	8797	6863	1576	1565	5743	1559	324	1557	4609	231	10919	5290	332	390245	
sumatriptan		2641	3350	3361	1813	2784	3356	1312	3351	3352	627	3363	1621	361	3362	3354	3357	4988	3355	
sunitinib		8856	28234	5154	7422	5155	1436	7428	7424	9970	3162	768	2130	7525	2322	3091	56034	8314	5782	2324	4288	5156	2064	8242	2321	2263	5787	1576	5447	80310	3791	3845	2260	1956	5979	3596	3815	55193	1577	5159	3576	9429	5243	4846	
suramin		4297	2237	2147	55775	9099	1649	23408	5291	10919	23410	5028	6768	3458	4158	5024	23411	6262	5032	5320	54737	328	5290	7398	10855	51426	10951	2744	2492	5029	5300	890	53829	7421	6692	5031	2346	3028	4914	6261	5965	
tacrine		1544	1576	1565	246	43	590	
tacrolimus		1573	3562	8856	1565	1244	50943	1493	3586	6934	54657	6361	2328	1558	7099	5465	3784	11132	3767	6696	54576	200186	3290	1576	5447	221785	64127	3606	1551	2280	387082	5530	367	9429	2875	
tadalafil		50940	5141	8654	1577	
talazoparib		5710	2064	5728	3417	672	675	142	91607	10038	1956	472	
talinolol		153	5243	1244	
talipexole		10919	1813	150	3359	
tamibarotene		5371	5916	5915	5914	
tamoxifen		354	8856	5584	2147	4654	22800	1565	1244	51053	1555	7298	5590	10919	2852	7052	1719	2678	8648	2328	7033	5304	672	10682	6790	2100	144455	5290	7157	595	632	2064	5578	1544	83938	5588	1071	10951	1576	29994	1559	5579	1906	2153	3074	5337	4763	5338	2597	3316	94025	2326	5580	2099	890	7040	7421	5581	3417	6311	8202	23090	1588	9682	3084	80781	5582	5243	4914	5241	
tamsulosin		148	146	147	1576	1565	1577	
tasimelteon		4543	4544	
tazarotene		5916	6257	4780	7161	5915	5371	596	5914	
telaprevir		1990	1576	5476	101180976	282617	1591	5241	
telithromycin		1544	1576	1565	1577	1551	3757	367	
telmisartan		4780	2784	5468	3028	387129	10919	185	7398	
telotristat		7166	121278	
temozolomide		545	472	9759	672	675	3014	7157	5728	1956	2956	10735	546	3417	4851	4609	5617	1437	5243	91607	4255	
temsirolimus		207	8856	2064	1499	4771	55294	2475	5290	2280	7428	673	3845	5243	5728	1956	
teneligliptin		54878	91039	1803	
teniposide		92815	355	7153	7155	10762	596	4363	5243	
tenoxicam		5742	5743	1559	29994	9682	
tepoxalin		3565	240	
terazosin		3064	148	1544	146	147	1576	1565	1559	1577	1557	
terbinafine		8856	3105	1565	6713	
terguride		148	3350	1813	3356	3358	3351	151	1815	3352	1814	3357	150	152	
teriflunomide		3156	1723	
terlipressin		553	554	552	
tetrabenazine		1565	6571	5243	6570	
tetracaine		6332	6326	11280	6335	6329	6328	6323	6331	6336	2539	6334	
thalidomide		9469	3106	4790	3082	2214	6687	1493	538	2215	7124	1642	2247	6137	2952	6555	7520	5467	368	8451	1499	1544	2263	606500	1557	2067	9978	2149	51185	1580	3689	3570	5743	7450	27233	10	
thiamine		10560	80704	27010	
thiamylal		3767	2567	2554	3764	
thiethylperazine		1129	3356	1813	1128	1812	1132	3358	1133	3269	1131	1815	
thiocolchicoside		2561	2566	2741	2743	2554	
thioctic-acid		5743	43	
thioguanine		3614	655	55270	22978	43	3615	10919	9615	3043	2625	7170	4780	7172	8836	552859	9	7849	5631	55816	3417	10257	9682	4609	367	3248	4255	
thiomersal		6256	2237	3064	247	51053	216	839	5594	5347	7157	246	3320	4923	7421	5019	3417	6311	4088	9682	3028	54106	367	9971	3248	
thiopental		2559	2166	1139	1137	2898	2556	2557	2558	2891	2555	2554	
thioproperazine		148	147	1813	3350	1812	3356	
thiotepa		216	10919	7421	1576	2950	51053	1555	367	3248	
thiothixene		3356	1813	1812	3417	6311	3269	
tiagabine		6529	18	
tianeptine		4988	4985	4986	
tiapride		6336	1814	1813	
tibolone		367	2099	4780	
ticagrelor		64816	7364	1576	1557	375033	2030	10599	64805	
ticlopidine		3107	1544	3106	1576	1565	1559	1557	1555	3119	3123	3105	5724	64805	
tiludronate		5770	4313	3553	523	
timolol		153	154	1565	
tiotropium		1129	154	1565	1128	1131	
tiratricol		7067	4780	1559	3091	7068	
tirofiban		3674	2266	2244	2243	3690	
tivozanib		5156	2064	3815	2321	673	7525	3791	5159	2324	
tizanidine		11188	151	367	150	152	
tocainide		64326	6331	
toceranib		5156	2321	2322	3791	5159	
tofacitinib		7297	6777	3716	3718	7525	5585	5777	6776	3717	
tofisopam		367	1576	
tofogliflozin		6524	2645	6523	6527	
tolazamide		3767	3758	3766	6833	9682	10919	2539	
tolazoline		148	3274	1813	151	3269	150	152	
tolbutamide		3767	3758	3764	1559	1557	6833	10060	2539	
tolmetin		5742	5743	4353	
toloxatone		4129	4128	
tolperisone		1557	1565	11280	
tolterodine		1129	1544	1576	1128	1132	1559	1565	1557	1133	1131	
tolvaptan		367	554	552	
topiramate		2561	8856	771	2900	6328	2558	2555	3643	2563	2554	55879	6326	760	2567	2568	2565	6323	2898	2893	2557	6331	2890	2901	1557	2562	762	2560	766	6332	2564	2559	2566	2892	11280	6335	2899	6329	2897	2556	2891	759	361	6336	6334	
topotecan		207	116447	94025	238	8528	546	7157	9429	5290	627	5925	7298	7150	5243	5728	
torasemide		1544	6557	100379251	1576	1565	2784	1559	1636	6559	1557	118	
toremifene		7040	1576	1545	941	2100	2099	5241	
trametinib		1848	6416	2115	55510	2119	7428	5605	472	4893	5921	2065	3265	2776	2118	5608	5290	7157	25	5604	342371	1499	5894	4233	1029	2263	5606	5609	23152	5607	673	5583	5925	6794	4763	3845	2260	1956	3815	10735	2261	6714	2767	369	2539	
trandolapril		1066	5789	1636	
tranilast		54658	9367	27306	5315	4864	410	3269	412	7157	3248	79915	
tranylcypromine		23028	4129	4128	
trapidil		5156	1544	2261	
trazodone		6532	148	3350	3356	147	1812	3358	1577	2648	3028	3269	6530	3357	150	
trepibutone		1129	1131	1128	1132	
treprostinil		5733	5739	5732	5468	5729	5731	5467	5734	64805	
tretinoin		6256	4087	3312	1027	7101	8854	3586	5371	10919	6097	332	4869	216	7182	5915	2648	2322	596	5467	3091	7398	4780	190	9052	1559	6096	54880	5029	5918	5916	6257	4613	7421	1577	6258	3576	5914	2521	
triamcinolone		1394	4790	866	1565	6513	113263	2908	909	2247	4023	348	590	4780	1544	1576	1559	1557	301	4312	7040	285834	367	2539	
triamcinolone-acetonide		866	2908	
triamterene		4780	1544	2099	2548	7157	5467	6337	3417	3717	3315	7054	3028	3091	367	6339	6340	7068	6338	
trichlormethiazide		5742	760	6557	5743	6559	762	759	3778	
triclabendazole		3320	2740	1786	3417	51053	387129	4137	
triclosan		6256	3320	4780	1786	4088	367	3248	
trifluoperazine		7066	7957	1565	1812	6275	10919	5999	2740	148	3356	1813	5594	7157	7398	207	1544	1576	10951	3988	3358	5893	1557	801	816	1815	50632	338	6311	1437	7134	3269	
triflupromazine		1129	1544	1813	1128	1812	1565	3357	7157	
trifluridine		2030	2064	7157	7298	
triflusal		5742	10846	4790	4843	3028	
trihexyphenidyl		155	1128	1312	
trimebutine		4988	4985	4986	
trimetazidine		10449	1544	
trimethadione		8911	8912	8913	1576	
trimethoprim		4353	1544	1576	10951	1565	1559	1557	7298	1558	2944	2539	1719	
trimethoquinol		154	155	
trimipramine		6531	10951	1565	1559	1812	1557	6530	6532	
triprolidine		10919	3269	
triptorelin		2798	412	
tropicamide		1131	1132	
tropisetron		3359	2741	1576	1565	3360	2742	3558	2743	6580	3725	
trospium		1128	1133	
tryptophan		124274	883	3620	6582	846	29994	10352	10919	206358	
tubocurarine		3359	9177	43	353174	1135	3781	3782	3780	
ubenimex		4048	6051	
ufenamate		5742	5743	
umeclidinium		1129	1128	1132	1565	1133	1131	
urapidil		3350	7253	1559	1557	10919	
urea		366	7066	3308	1499	760	3146	3172	3315	383	6197	1508	7486	
ursodiol		9971	151306	2908	1646	
valethamate		1133	1128	1132	
valproic-acid		7915	6328	55800	6326	18	3066	6323	6331	9734	6327	3065	6324	6332	11280	4967	36	6335	6329	6330	6336	6334	
valrubicin		367	7153	7155	
valsartan		185	10599	
vandetanib		5753	284656	3064	7422	7010	2049	324	51053	3932	285220	2041	2051	2044	472	5605	2065	11183	2050	558	7525	120892	2066	2324	25	2043	2045	2064	238	5604	2321	2046	695	5156	2042	9475	2534	3791	3845	1432	90	2047	1956	5979	2260	9212	5728	2048	1969	3417	2475	5159	6714	7301	4058	9448	
vardenafil		5148	8654	5149	1577	
varenicline		1139	1136	123688	1137	1548	1143	8973	1141	
vasopressin		554	816	4880	1869	1843	553	1576	5054	1636	552	7060	627	6869	1432	5021	3315	5587	
vecuronium		5243	1135	
vemurafenib		4286	80243	1436	10734	5605	4893	3265	7525	5879	5290	7157	207	5604	342371	5894	1544	1029	4233	1576	23152	5296	673	4763	3845	10000	5728	1956	6663	10735	5243	
venetoclax		25	3418	5728	3492	7157	3417	673	4170	2322	596	599	3845	5290	598	4869	
venlafaxine		2559	2892	121278	3356	2289	1565	2568	1577	3351	627	1312	6530	6532	5243	55879	
verapamil		53373	10062	2950	9722	3779	783	3762	8913	7298	773	775	3743	3739	6331	779	130271	786	3767	3744	3949	3559	219931	30820	1576	774	5789	776	259232	4363	782	8911	2868	3308	6517	7040	778	3553	785	3576	5328	4609	3757	784	6532	5243	581	222962	
vernakalant		3741	1565	
vesnarinone		355	4907	5139	1576	3757	7157	7057	
vidarabine		51053	100	136	
vigabatrin		140679	18	2550	
vilazodone		3350	1813	1576	3360	3269	1814	6532	
vildagliptin		2740	1803	
vinblastine		354	8856	10382	113457	51053	10376	7200	10381	2944	7278	7277	81027	1026	10383	5244	6915	7846	347733	51175	203068	7283	112714	7280	1576	51174	347688	5744	4763	3725	84617	84790	4313	1437	1081	5243	
vinburnine		1129	1128	1132	51053	1131	367	
vincristine		8856	10382	1356	655	1244	113457	1027	51053	10376	4953	10381	80339	7298	7277	7278	81027	71	10383	5244	2625	2247	10928	822	89845	627	2938	7846	347733	596	5290	6717	25	203068	8714	112714	7280	4908	552859	347688	174	4363	613	5294	55722	546	4613	7153	6387	55816	84617	1577	7450	4088	84790	3084	367	5243	29102	
vindesine		203068	5243	1576	81027	
vinorelbine		10382	113457	10376	324	10381	7277	7278	81027	10383	6597	6240	672	7846	347733	675	203068	2064	7280	112714	7515	347688	840	84617	7275	84790	581	
vinpocetine		5136	5137	1812	3757	10919	
vismodegib		6608	6469	5727	
vorapaxar		2151	9002	2149	
voriconazole		5742	5970	1576	1565	1577	1559	1557	1555	9429	5243	
vorinostat		10382	55294	113457	10013	10014	51053	6598	1108	10376	10381	7278	7277	332	4869	81027	4615	3066	10383	9759	2146	1636	51564	7846	347733	55869	8314	7157	9734	203068	4780	1080	112714	7280	190	3065	673	79885	5925	347688	7849	5728	84617	83933	84790	4609	8841	2767	
vortioxetine		3359	3350	3356	3361	1565	3358	3351	3362	3363	6532	
warfarin		5627	3172	1728	112755	339105	2621	9970	1788	4734	444	348	2356	7157	632	1544	80821	1576	1559	1557	79001	5624	54658	6810	7056	4524	7421	338	1577	1543	1551	7450	213	2626	154807	5243	57834	
xylazine		151	150	152	
xylometazoline		148	146	147	1565	151	150	152	
yohimbine		1814	3361	1565	1812	3351	3354	3357	10919	3355	3764	3356	1813	3766	3352	150	3767	3758	3350	3358	151	3770	3768	3772	3363	152	
zafirlukast		10800	4780	1544	2053	7421	1565	57105	29994	1559	51053	1557	5594	5423	2648	5468	367	7398	
zidovudine		4830	1565	1555	3586	7364	64078	7015	2322	55556	1571	3627	1544	1576	5447	55867	1559	1557	4831	4363	1841	10057	9356	1548	7012	10257	5617	9154	9376	7083	9429	5243	10864	
zileuton		4321	1576	1565	240	1559	1557	9692	4313	
ziprasidone		1129	1812	3351	367	3354	10919	5999	148	1139	3356	1813	153	3352	3363	150	1816	440275	147	3350	3358	151	1131	1815	4160	3359	1128	1132	1577	1133	3269	3362	1814	6532	152	
zoledronic-acid		9453	2224	
zolmitriptan		3350	3351	3352	3360	3354	3355	
zonisamide		771	56934	765	763	23632	11238	6328	761	770	8913	4128	55800	6326	767	768	760	6323	6331	4129	3105	6327	1576	377677	6324	762	766	8911	6332	11280	6335	6329	6330	8912	759	361	6336	6334	
zotarolimus		2280	2475	
zotepine		6532	6530	3350	1813	3356	3358	3351	151	3352	3363	3269	3362	1814	3354	1815	
zuclopenthixol		148	1544	3356	1813	1812	1565	3269	150	1816	
