(R)-(-)-apomorphine		152	3356	151	1813	1814	3350	1816	3351	3358	3352	3357	3361	1812	50632	1815	150	
17-hydroxyprogesterone-caproate		9971	5241	2908	2099	8856	2100	367	
5-fluorouracil		8812	9619	6470	5243	7372	5444	85413	79623	673	1807	6790	4233	153339	581	1026	868	9231	995	4602	3683	6573	63970	595	1557	3589	5980	3559	10057	1571	4846	8490	874	2778	3831	1806	2356	7422	407018	22943	5728	3161	332	9156	7515	627	7518	9429	5290	2264	7252	1728	5528	3570	3135	2064	1244	7153	84618	1124	3845	1588	55556	10599	81029	4524	117583	873	3486	1841	2067	1576	3309	7178	214	218	1956	5788	355	1545	85320	5296	64065	6401	10257	324	1548	84465	472	3043	3643	4842	1869	2950	4089	3667	1890	2308	7157	7517	8549	26354	9978	7298	1558	4583	
5-hydroxytryptophan		216	5999	4137	153201	206358	10919	
abamectin		5467	2550	6256	9568	367	
abemaciclib		1029	5241	7157	2099	2064	896	595	1021	1019	894	3845	2100	4893	6597	
abiraterone		1586	1584	7259	29940	367	5728	
acalabrutinib		1956	2066	3702	2064	6714	4067	7294	640	2534	3932	695	3718	7006	660	
acamprosate		2565	2557	2904	116444	2562	2905	2566	2902	2903	2906	2564	116443	2560	2915	2559	2561	2555	55879	2558	2556	2563	2567	2568	2554	
acarbose		6517	8972	6476	279	4023	2548	23269	
acebutolol		153	7038	
aceclidine		1128	1131	1129	1132	1133	
aceclofenac		5743	1559	
acemetacin		5743	5742	
acenocoumarol		813	2677	348	8529	79001	5243	
acepromazine		3356	1813	3350	1544	147	1812	1565	148	
acetazolamide		358	762	3106	760	771	759	361	4321	4313	23632	4842	766	761	
acetohexamide		3766	3758	6833	3767	
acetophenazine		367	1812	1813	
acetylcholine		1128	1636	1131	1129	1132	43	1133	1135	
acetylcysteine		95	48	7450	2904	23657	3164	5970	4493	1147	2902	3551	2906	2903	116443	4914	390245	653509	1869	3014	3579	3480	6517	54472	2937	6531	3949	
acitretin		5916	7421	5347	11069	6258	5914	51053	9682	5947	4137	7398	6256	5915	6257	6774	3553	2648	
aclarubicin		7155	7150	1437	7153	6606	
aclidinium		1128	1131	1129	1132	1133	
acriflavine		7421	4780	3064	5347	51426	10411	11069	3417	29127	2237	7486	3091	5429	641	11201	672	328	
ACT-132577		1910	1909	
acyclovir		6564	3586	4860	25	5965	1791	
adapalene		5916	6258	5914	7398	6256	5915	6257	
adenosine		135	64078	140	55361	136	134	9153	55300	9154	54795	60482	
adiphenine		1565	1544	1134	
afatinib		1956	673	2066	2064	2065	27436	4233	4893	3845	3084	
agomelatine		3356	3358	4544	4543	3357	5243	
albendazole		51053	79915	10383	1544	7846	1573	3315	203068	
albuterol		2740	1843	154	1395	169044	9575	
alclofenac		5742	367	
alclometasone-dipropionate		2908	1576	866	
alcuronium		1128	1131	1139	1129	1132	
alectinib		2260	1029	27436	4233	238	4089	5979	4869	
alendronate		5788	7421	1588	5791	523	4598	5802	3589	2224	5775	5328	
alfacalcidol		7421	1594	
alfuzosin		6334	6323	6329	6332	6331	2548	6326	3028	147	146	6335	11280	6336	6328	148	10919	
allopurinol		170679	22854	128553	54576	316	4855	5460	54600	1576	23040	79718	1544	9429	1557	360158	54658	7498	54575	54659	54579	5311	54578	1565	1559	28951	64388	54657	54577	100130889	
allylestrenol		2099	6536	5241	
almotriptan		3351	3352	
alpelisib		23533	2099	5294	2261	5728	5297	30849	2100	5925	2260	5295	5296	146850	5286	5290	5288	5293	673	3265	6446	2263	2064	8503	5291	5604	3845	2475	5289	7157	5287	1019	4893	207	
alprenolol		153	154	
alprostadil		1559	5734	5729	347732	5731	1544	1557	5739	117155	5732	117144	6915	1565	378807	1576	
altrenogest		5241	367	
alvimopan		4988	4986	4985	
amantadine		116443	1813	2904	2906	2905	6580	2903	
ambrisentan		1910	1909	1557	
ambroxol		2629	1576	
amcinonide		51053	2908	3417	3091	387129	301	367	
amezinium		152	154	
amfenac		5743	5742	
amifostine		4609	2936	4087	5167	7040	251	
amiloride		1579	3028	6339	6553	9311	6337	6548	3762	6338	9033	5311	26	41	10919	5328	6340	51393	57113	40	
aminocaproic-acid		5327	5340	4018	
aminoglutethimide		1588	2796	1545	2678	1583	7038	7033	
aminophylline		135	5141	5142	140	8654	5144	136	134	5140	5143	5139	3066	
aminosalicylate		5742	5743	240	1147	30814	
amiodarone		10951	3753	3743	5243	3757	1576	8912	51053	1544	1557	153	1577	653509	796	1573	1565	148	2475	1559	6331	9254	7038	6713	9722	
amisulpride		56899	25970	1813	3350	1814	3358	9135	4160	5243	
amitraz		148	150	4780	
amitriptyline		6530	5617	3363	3736	146	3352	4985	4988	1132	5243	1133	6532	1576	3752	1544	147	153	1812	3458	3269	150	3785	3356	4914	1131	10280	1129	4915	3274	1565	148	3786	1128	100	3362	1559	4986	3350	3351	3358	59340	3751	155	154	5319	
amlexanox		5141	1956	5142	3562	3320	4780	9641	2246	6284	4864	5144	5143	5315	6283	9367	2548	29110	367	
amlodipine		775	1636	779	183	778	781	776	783	774	4878	1577	786	1576	
ammonium-glycyrrhizinate		3291	28234	3290	10599	
amodiaquine		1545	2539	3176	1558	1543	
amoxapine		1813	6530	3363	2565	146	1132	1133	1815	6532	3757	2557	7421	3064	2562	147	7066	2566	3359	1812	150	3269	2564	3356	151	2560	1816	1131	1129	3357	1565	148	2559	2561	152	1128	3362	1814	2555	3350	3351	55879	2558	59340	3358	9	7157	6531	2556	2563	2567	2568	2554	
amoxicillin		6564	3586	3106	3107	3105	3119	2952	3123	1576	1544	1557	9356	1565	51426	1559	3127	5429	6565	3122	8856	
amperozide		3356	1812	1576	2166	
ampiroxicam		5743	5742	367	
amrinone		5142	3028	7124	5140	1576	216	7421	7068	4137	1544	1557	7398	5139	5347	390245	10919	3091	246	11201	
amrubicin		7155	7153	
amsacrine		7155	10951	3028	1559	690	79915	6311	1544	2475	1557	7153	1812	1565	10919	3757	1576	
amtolmetin-guacil		5743	5742	
anastrozole		1588	9448	5241	1545	2099	2064	8600	81027	54657	58508	5243	3481	2100	4982	
anisindione		7157	2677	6607	2147	2638	6606	
antazoline		1565	3269	
apixaban		2159	1577	9429	
apraclonidine		152	148	150	151	
apremilast		5141	5142	1021	5144	5143	1019	
aprepitant		6869	7364	6697	
aprindine		801	6331	
arbidol		10919	1576	
argatroban		2149	2147	
aripiprazole		1813	3363	3352	2166	1132	1268	5243	1133	1815	319100	25970	147	3359	4160	1812	255239	3269	150	3356	151	1816	1131	1129	1565	148	152	1128	3362	1814	3350	3351	3358	9135	3354	
arsenic-trioxide		5594	595	5595	3725	7296	3551	207	
artemether		476	1577	1548	1555	1576	
artemisinin		216	23435	487	8856	1548	1555	1576	
ascorbic-acid		9963	9962	
asenapine		1813	3363	3352	1815	1812	150	3269	3356	151	3357	3274	148	152	3362	3350	1814	3351	3358	3354	3361	
aspirin		8660	3553	3115	6916	6539	3690	2638	4170	8792	3176	1565	80781	5321	5739	3162	8704	2207	1636	10873	4792	1544	10	5335	2670	2162	51422	183	4914	4791	4846	5563	23177	3156	3673	9	3565	7248	5732	27159	3082	3084	51206	1645	53632	3576	3123	174	6197	5290	5564	161835	5741	136227	5028	5571	7098	9278	1909	5468	3674	375033	1559	7040	5565	5733	5742	1649	7067	5743	9311	3119	134	6892	1576	3309	355	4056	2247	3551	10463	2149	54578	4790	6915	5562	2811	7157	3116	8529	
ataluren		1756	367	1080	
atenolol-(+/-)		30814	153	4057	154	
atomoxetine		116443	6532	2904	116444	6530	7253	2905	6531	2902	1565	2903	2906	
atorvastatin		1636	64241	5602	29116	19	4547	196	3363	7124	5294	28234	1803	624	5243	3123	1576	632	5467	355	6646	221458	7052	185	9429	5444	1557	2247	27235	9177	5447	54658	1577	54659	3559	11309	3627	7035	1244	338	5327	348	4842	3684	2224	7364	1565	949	3156	3953	959	1559	1581	6262	22937	1071	3329	10599	3990	8856	116519	1558	3949	
atosiban		553	554	552	5021	
atropine		1128	1588	2149	3627	1131	1129	1132	2980	1133	1577	150	367	
auranofin		3551	25824	8989	
avatrombopag		1559	5627	5624	4352	462	2147	2153	
axitinib		7428	3791	3815	5155	5159	5156	1435	3091	25	54658	10733	2324	1577	2321	7525	
azacitidine		4609	4780	4088	79915	3976	978	171023	25	6097	919	367	216	3064	174	51053	2908	2624	7066	2678	3589	6876	3043	3417	1788	2950	54790	5328	54802	7157	2322	1786	4255	7038	7298	
azaperone		1813	1814	
azasetron		3359	9177	
azathioprine		3704	4780	79915	316	5471	3123	1576	1544	1557	7252	10257	7172	5741	55270	3043	3417	65992	3614	1565	2944	3251	1559	7157	3117	7298	79068	494514	
azelaic-acid		6716	7299	6718	
azelnidipine		775	367	51053	
azilsartan		185	186	
azilsartan-medoxomil		185	186	
azithromycin		1559	1544	4363	7035	1557	4842	7498	1565	1576	2862	
azosemide		6557	4780	6558	
bacitracin		4057	3416	5617	
baclofen		115207	4780	2353	57528	2550	2641	4790	7252	4842	386617	627	9568	6863	
balsalazide		5468	5743	240	5742	
bambuterol		590	154	
baricitinib		2185	3717	3716	7297	22848	3718	55589	2580	
bazedoxifene		3572	2099	2100	3570	
beclomethasone		3558	4780	1559	2908	1544	1557	1576	3091	1565	301	367	866	
belinostat		4297	9759	55869	55294	9734	83933	8841	54658	79885	10014	3065	10013	51564	3066	
benazepril		1636	183	4548	5547	154	4524	1585	
bendazac		5743	5742	
bendroflumethiazide		6557	6559	
benidipine		775	8913	
benperidol		1565	1815	1813	
benserazide		7421	10951	5999	10919	1644	
benzbromarone		7421	5347	3028	1559	51053	9612	5423	11069	1544	4363	1244	7398	3091	5468	3248	
benzethonium		1565	7398	6336	
benzocaine		1544	6336	
benzoic-acid		1610	25824	9367	
benzthiazide		29994	6559	760	1576	
benztropine-mesylate		1128	6531	3269	
bepridil		476	773	6331	3417	7134	9132	3784	801	5243	1565	10919	
betahistine		11255	3269	
betamethasone		4780	3163	5734	5617	2908	43	3481	301	367	
betaxolol		153	154	
bethanechol		1128	1131	1129	1132	1133	
betrixaban		2159	3757	
bexarotene		5468	6258	10062	5599	7398	6256	6257	641	8856	2648	
bezafibrate		5468	5467	5465	
bicalutamide		581	999	354	8837	8085	1555	367	10468	
bicyclol		3303	3315	
bifemelane		4129	1544	4128	1576	
bimatoprost		5737	5731	5733	8644	
binimetinib		2767	5605	472	673	5607	3265	5608	5606	2776	6416	54658	324	5604	4763	5609	3845	4893	5728	
biperiden		1128	1131	1129	1132	1133	1135	3269	
bisoprolol		91703	153	
blonanserin		3356	1813	
boceprevir		282617	7421	101180976	1520	8722	1514	9153	1215	5243	1513	1577	5476	1576	
bortezomib		5713	5690	54035	1514	5683	5340	9622	5695	29893	10213	2624	599	5702	5717	5682	5699	5691	7979	581	5694	2322	5718	5698	3308	5645	3316	266971	823	5366	5685	5688	5686	595	1493	653247	5700	4791	5327	596	5715	5687	5706	5692	5710	5704	331	11047	5719	627	5925	170541	9861	5684	5290	280644	9491	5701	143471	1508	5696	23198	4851	5707	5714	2147	5644	3845	5716	5711	5709	4780	2161	1649	338091	122706	5693	5705	2261	5721	367	10197	5970	5708	5646	338099	4790	1869	151645	5689	7157	5720	
bosentan		10599	1910	1909	8856	
bosutinib		23387	7294	4067	150094	57118	2534	25	1956	5605	6714	613	10188	1017	23235	2444	6793	8428	5604	3055	818	10746	6789	11183	
bremelanotide		4161	4306	4157	4159	4158	4160	
bretylium		476	153	
brexpiprazole		3356	1813	3350	3363	1565	
brigatinib		1956	3643	3480	6098	238	
brimonidine		152	216	7421	151	5999	10919	390245	150	3248	
brinzolamide		762	760	771	759	23632	766	763	
bromocriptine		4609	4780	1813	2668	3952	3363	146	3352	5243	1815	2353	367	7421	1544	147	1812	4852	150	3356	151	3558	1816	3357	6295	148	10919	152	3362	1814	3350	3351	3358	
bromperidol		5243	1565	1813	1576	
bucladesine		1565	5566	
buclizine		1128	3269	
budesonide		1394	4306	1559	5241	2908	1544	1906	1557	8856	113263	1565	1576	
budipine		4129	2902	
buflomedil		1565	148	10919	
bumetanide		1636	4780	57468	3028	5594	390245	6558	1080	2859	6559	6557	6560	2784	100379251	118	
bunazosin		148	146	
bupivacaine		6331	4654	7124	3736	3741	3976	3312	590	6336	2251	6329	3084	
bupranolol		153	155	154	
bupropion		1636	3356	6571	6532	1813	6530	5617	2587	22908	2289	6531	2035	255239	1812	1548	1312	1621	
buspirone		216	4780	1813	3350	5617	1577	10919	
butalbital		2891	2565	2557	2562	2566	1137	2564	2560	1139	2898	2559	2561	2555	55879	2558	2556	2563	2567	2568	2554	
cabazitaxel		84790	10383	84617	10382	7280	1576	7277	81027	347688	7275	10376	3481	10381	203068	347733	7846	113457	112714	7278	
cabergoline		1813	3363	146	3352	1815	147	153	1812	150	3356	151	1816	3357	148	152	1814	3350	3351	3358	154	
cabozantinib		1956	2767	7010	3265	3791	3815	6098	2322	5290	8837	25	4233	3082	5979	3845	7525	
caffeine		816	5142	140	8654	5146	5144	136	134	5140	8622	6263	5138	5153	367	5591	1576	5731	7421	4968	7150	1544	5151	9170	50940	1557	2247	5290	2670	6469	1548	5139	3710	5293	3559	4650	135	5141	472	5152	5143	5291	4842	3709	6261	1565	5136	3708	1559	6262	7220	5150	10846	5158	27115	2911	5145	5137	
calcitriol		4609	7421	3558	5251	5328	51053	690	9518	1591	7038	367	
canagliflozin		6523	6524	
candesartan		1636	3777	84444	185	10888	10019	442038	1585	55111	
capecitabine		5743	978	108	9156	5243	2067	11320	7372	100302267	999	9429	6401	5290	5980	10864	51716	1543	374	673	494514	3135	2064	1066	4233	3845	1588	1890	7157	55556	1806	7422	407018	7298	9231	4524	5728	
capsaicin		216	4780	2057	4908	1544	3976	1080	1576	2670	4907	5111	6447	10535	5243	627	7442	
captopril		1636	5054	1588	2796	185	4318	59272	4313	4321	4843	1803	5294	4048	6750	10919	4650	
caramiphen		1128	1129	
carazolol		153	155	154	
carbachol		1128	1131	1129	1132	5029	1133	1135	
carbamazepine		3303	6332	9970	3106	5617	7124	3105	3119	7133	5460	3123	367	1576	2052	6323	632	6326	2908	1544	8325	1557	2678	3305	1548	6329	1577	1543	10928	1244	6335	7364	7916	6328	1565	6334	1559	6331	3172	4049	11280	6336	8856	1558	1555	7917	4524	2554	
carbendazim		7157	4780	203068	
carbenoxolone		2697	3290	2707	24145	349149	2700	10804	375519	116337	219770	127534	2703	100126572	56666	125111	57369	2706	81025	2705	2709	2702	2701	10052	84694	57165	
carbetapentane		1565	10919	1129	
carbetocin		5021	552	
carbidopa		216	3028	9682	4137	390245	10919	4524	3248	1644	
carbimazole		1559	3106	1544	1557	7173	3123	
carbinoxamine		1128	3269	
carfilzomib		5713	5690	4780	338091	122706	5693	5705	54035	266971	5683	11047	5719	5721	367	170541	5685	5695	5688	29893	10213	9861	5686	10197	5684	5708	280644	9491	653247	143471	5701	5696	5702	5717	5682	5700	5699	338099	23198	5715	5691	5687	5706	5707	5714	5692	7979	5710	151645	5689	5716	5694	5718	5698	5711	5720	5704	5709	
cariprazine		1565	1813	1814	
carmofur		1576	7298	
carmustine		216	5328	1559	2936	1544	1557	2539	1869	4255	1565	1576	
carteolol		153	155	154	
carvedilol		2697	3952	5243	29994	1544	147	153	54658	7498	1812	390245	4842	1565	148	581	2936	6262	155	154	
cefadroxil		6564	1244	9356	9376	6565	8856	290	
cefazolin		5444	9682	10919	
cefdinir		52	58190	9682	4353	7341	
cefradine		1244	8714	10257	8856	1576	
celecoxib		4780	5742	773	768	1649	5743	488	56479	5163	25	3486	9536	6097	367	93589	1576	775	8912	5170	632	781	5290	8913	8911	324	1499	3784	1577	51738	6774	3785	1027	9564	779	778	489	782	1906	4318	785	776	783	842	5468	80781	3786	5328	487	777	1559	5734	1026	836	771	784	9254	55799	149233	239	9132	7422	774	3308	
celiprolol		5243	153	150	154	
ceritinib		3643	3480	83942	6098	6714	2322	27436	238	5604	5243	4869	1576	
cetirizine		7010	1437	23430	3269	3559	
cetrorelix		5054	2798	3329	3973	
cevimeline		1128	1131	1129	1132	1565	
chenodeoxycholic-acid		9971	3290	
chidamide		3065	83933	8841	3066	
chloramphenicol		216	1557	3146	1576	1604	
chloroprocaine		116443	476	1727	57053	3359	6531	2539	6336	
chloropyramine		1565	3269	1557	
chloroquine		51284	54106	2532	1559	1544	259249	1557	2539	445	1565	10919	1576	
chlorothiazide		762	3778	760	759	6559	3158	
chlorotrianisene		2099	6097	387129	2100	367	
chloroxine		3320	3064	51053	4986	79915	9682	390245	7157	10919	367	
chlorproguanil		64146	2539	1719	
chlorpromazine		1813	3363	885	146	801	5005	5004	5243	1815	627	3757	7224	1576	1544	147	9429	7066	1812	6609	3269	150	3356	151	3417	1816	1131	1571	3357	1565	148	152	1128	4922	3362	1559	1814	3350	3358	7157	59340	7957	8856	3308	
chlorpropamide		3766	1559	1544	6833	1557	4790	2539	3767	1565	3758	1576	
chlorprothixene		1128	3356	1813	1814	3358	1131	1129	3357	1132	1812	1133	3269	
chlorthalidone		1636	183	4314	762	760	771	759	4878	23632	6559	766	6557	
chlorzoxazone		3778	1544	64816	3783	1576	
cholic-acid		2104	1340	1351	1339	1327	1350	151306	9377	1346	1349	1066	5319	2172	126	1345	2235	1329	
ciclesonide		2908	367	866	
cilnidipine		367	51053	774	
cilostazol		216	1565	1559	7253	1437	1544	1557	7422	5140	7056	5139	1577	1576	
cimetidine		51426	6582	222962	1544	146802	2214	1557	55244	3274	4842	5243	1565	1576	
cinacalcet		51053	846	
cinchocaine		51053	6331	1544	390245	801	6336	4650	
ciprofibrate		3725	54737	5465	
ciprofloxacin		581	1559	3028	1544	1557	1571	7153	2539	1565	1576	
cisplatin		4609	3028	3980	2395	147700	3976	5243	2176	2052	2260	1111	7150	7052	6714	3458	3074	79623	3417	390245	4363	54474	6790	7852	4771	2648	581	4214	5999	4036	55332	4193	6772	3308	1312	7329	540	995	79444	4494	675	10848	2539	2922	216	6573	10	51727	4191	5980	5965	7172	1317	283106	2729	290	7161	1571	4915	596	238	2778	10849	8661	374378	7422	1786	4255	406991	331	3084	5728	7012	2730	5617	6240	7508	2068	5893	2952	3312	7515	5917	5925	4548	2072	9121	4137	1647	5290	51455	4595	1728	545	2074	54737	2938	2064	1244	150677	3845	5894	8856	672	4524	3248	207	6597	4300	10951	4780	1649	2099	2261	4613	126	2067	1576	1956	355	366	8714	10257	285761	7520	328	6794	472	3360	1869	2950	1677	4089	4496	2880	10919	3146	5328	6582	55902	7157	3569	2175	98	246	1015	7298	4893	2551	92815	
citalopram		84062	6530	151194	2731	89932	5243	2289	627	6532	1576	775	1385	7905	5054	6728	6095	1557	121278	3589	1395	1577	3269	3356	136227	127254	1565	148	10919	1128	2932	3351	2892	55312	6531	7166	10098	23327	2869	
citicoline		43	6506	10919	367	
cladribine		4780	6240	5427	1633	7525	54107	50484	599	3559	6241	56616	56655	84618	4860	100	5426	1026	7157	7040	331	5422	
clarithromycin		2150	1559	3586	1544	1557	3576	3684	4842	7498	5243	1565	1577	1576	
clebopride		43	1565	1813	
clemastine		5027	1559	7157	1544	7066	1557	1565	3269	1576	
clenbuterol		3767	6833	154	
cleviprex		775	779	778	776	774	786	
clidinium		1128	1131	
clobetasol-propionate		2908	5319	
clocortolone-pivalate		2908	5319	
clodronic-acid		291	292	293	
clofarabine		5424	6241	5426	6240	50484	322	2322	367	5422	
clofibrate		1072	983	6319	7157	1544	6517	5465	1557	10599	3725	8529	2168	4023	1565	1576	
clomethiazole		1544	1557	1565	10919	2567	2554	
clomifene		2099	5741	5617	
clomipramine		3356	5467	6331	6530	7157	3358	1544	3351	2289	3357	6531	1812	2950	5243	1565	6532	1576	
clonidine		152	151	1559	5617	147	146	1557	6580	8639	1565	148	150	2784	
clopidogrel		5742	5243	1576	1544	1557	3690	1577	51716	1066	4846	1565	375033	3673	1559	8704	8529	29104	1558	1555	64805	
cloprostenol-(+/-)		5729	5737	6915	5731	5733	
cloranolol		153	155	154	
clorotepine		10951	3362	1813	6311	3358	147	146	1812	148	3269	
clorprenaline		153	154	
clotrimazole		554	10951	1072	9970	9682	2740	3783	3757	367	1576	29994	5467	51053	6311	1544	7066	1557	3320	11069	1565	387129	7253	3579	1559	983	79054	5594	7157	3725	3091	7226	154	8856	54795	9266	
clozapine		2166	5243	3115	147	6714	3359	4160	1812	3269	1131	2944	1565	23216	1128	1814	3350	9135	887	59340	7957	1312	1813	2668	2740	3107	3760	3363	3952	5294	2289	1815	1544	1557	3558	1129	4915	3354	3361	6531	3727	3106	5617	146	2952	50632	25970	2641	54658	255239	2194	150	3356	151	4907	3357	6505	1559	3127	4524	84062	3699	10951	3352	1132	1268	1133	6532	1576	2904	718	3355	3125	1816	148	152	3362	3351	3358	11201	
cobicistat		9023	1551	64816	1577	1576	
cobimetinib		5607	673	5605	5608	4763	5606	5894	5290	6416	5604	369	5609	3845	4893	
colchicine		4780	84790	79915	10383	1555	4908	5294	3576	84617	5243	10382	23476	7280	627	367	7277	1576	6097	51053	3084	81027	1544	2741	1557	2670	6319	4133	347688	290	7275	3606	2742	3689	10376	10381	1565	203068	6717	7849	1559	5914	347733	6517	7846	1387	3725	113457	112714	7278	
conivaptan		554	552	
copanlisib		5289	23533	5295	5287	5296	2064	2475	5294	5286	146850	5290	5288	5291	8503	30849	3845	5293	5728	
cortisone		2908	3736	5539	5320	3074	
coumarin		4780	768	23632	5340	1576	2158	632	1544	1557	1548	1508	1553	760	759	1565	1559	762	765	771	
cridanimod		5241	51053	3315	3725	367	
crisaborole		5141	5142	5150	5144	5143	5136	
crizotinib		25	5243	4869	5782	1956	2120	2260	6098	6714	27436	374	673	1029	4914	2064	4233	238	4089	3845	7157	
cromoglicic-acid		6286	3778	
cyamemazine		3358	3356	3363	3350	
cyclizine		3269	6783	
cyclobenzaprine		152	3356	1812	1565	1577	
cyclophosphamide		1565	1562	1559	1577	1557	1551	1548	1558	1555	1576	
cyclosporin-A		819	2357	10105	6554	5478	5530	10599	28234	5535	8647	
cyclothiazide		2891	2890	760	2892	6559	5965	2893	486	
cyclovalone		7421	51053	9682	6311	3417	64127	9429	10919	
cyproheptadine		1128	3356	3362	3358	3363	147	146	1131	1129	1812	1565	148	3269	
cyproterone-acetate		134	367	
cysteamine		6750	4887	10919	1080	
cytarabine		655	8202	6240	6820	978	116931	552859	1633	5243	1576	4297	5423	10320	1544	3815	1557	50484	10257	2623	2625	5424	6241	861	116085	64805	1571	2950	1565	10919	29102	55816	22978	51251	5426	1559	7157	2322	10599	7298	7490	3308	494514	5422	
cytisine		1143	1141	8973	1139	1137	1135	1136	
dabigatran		3183	4835	132	10525	1066	3176	2147	5243	1577	
dabrafenib		2146	150094	2539	4763	3123	1956	5605	5290	4286	3984	673	1029	3265	342371	5604	3845	79858	5879	5894	7157	10735	4893	207	
dacarbazine		5328	581	1559	132	1544	1557	23649	3576	4255	5226	2944	1565	1576	1543	
dactinomycin		7421	3064	5467	7068	2908	2099	1544	1576	6256	246	5965	6097	1565	5430	10919	367	328	
dalfampridine		3769	3736	3749	3744	3788	3737	3747	56479	3745	3743	3741	27012	3757	3754	3738	3752	90134	131096	3787	27133	3790	9312	3784	3762	3785	2078	81033	3755	3756	169522	796	3746	26251	170850	23416	1565	3786	23415	3750	6582	9132	3748	3751	93107	3742	3739	
danazol		1356	5241	1559	2099	1544	114814	412	1576	1573	2798	3576	6347	93659	4153	1565	5340	367	
dantrolene		1559	4137	6262	1544	1557	6261	1565	6263	1576	
dapagliflozin		6523	6527	6524	
dapiprazole		148	147	146	1813	
dapoxetine		3350	3351	3358	1565	6532	
dapsone		1727	1559	1719	2796	3106	1544	3105	2539	1565	3123	1576	
darifenacin		1128	1565	1131	1129	1132	1133	
dasatinib		4088	23387	1969	51135	5753	5159	2268	150094	2534	2261	25	4763	1399	50488	10733	367	7006	7525	1956	5605	2260	5467	51053	9212	3815	3791	6714	9429	613	5156	5290	4294	51776	10188	695	11183	23235	324	2444	1432	3984	558	5586	2066	673	3717	3265	3417	9748	2064	2242	640	3932	4921	4233	6725	8289	867	5604	3845	3055	3418	6850	8444	1436	90	7157	6777	10006	27	57551	8476	1441	4067	
daunorubicin		540	5916	655	64078	873	3921	552859	2539	641	1633	5243	3065	865	79885	10013	367	51564	9734	4297	4869	2328	3064	54093	55869	7068	355	4137	10320	7150	9429	7398	8841	1109	5965	2623	2625	3066	1543	328	7155	9759	861	8574	1788	4363	390245	54578	4846	7153	2950	8644	874	29102	55816	10919	51426	351	7157	2322	83933	10599	10014	7298	8828	7490	494514	80339	
debrisoquin		152	151	6530	147	146	148	150	
decamethonium		43	1135	1134	410	
decitabine		1956	51053	3417	7157	1788	54790	171023	1786	2950	4583	3845	3559	
deferasirox		7421	2638	1544	9429	1244	1576	54659	1591	1594	367	1543	
deferiprone		29994	9682	390245	54578	10919	
deflazacort		2908	367	
degarelix		114814	2798	
dehydroepiandrosterone		23435	9970	2099	3292	2565	6820	2539	332	1490	2100	367	1576	6822	2557	2904	116444	2562	9429	2905	2566	2670	5290	2902	2903	2906	2564	116443	3558	2560	10280	7054	5291	4842	3667	51083	2559	2561	581	2555	55879	2558	6517	5465	5595	8856	2556	2563	2567	2568	2554	
dehydroepiandrosterone-sulfate		2099	2100	367	
delavirdine		4363	9429	1244	8714	5243	1576	
delivert		185	186	
demecarium		43	590	
deoxycholic-acid		151306	2357	
dequalinium		3028	5999	3780	3781	1259	2237	3782	1260	3091	1565	2475	1576	
deserpidine		1636	6571	367	7421	
desipramine		1813	6530	222962	146	1132	5243	1133	6532	627	1576	1544	147	410	4157	7066	153	6609	3269	150	3356	151	1131	1129	1565	148	152	1128	3350	3358	154	
deslanoside		476	481	367	483	477	480	482	486	478	
desloratadine		3269	2205	1576	5467	
desmopressin-acetate		553	554	552	5021	
desogestrel		2099	51053	5241	367	
desonide		2908	301	367	5319	
desoximetasone		4780	2908	3091	301	367	5319	
desvenlafaxine		3064	6530	9	6531	1565	6532	
dexamethasone		4088	6999	3976	1021	8660	5243	83716	4306	2908	185	2625	494514	7049	653509	5836	6361	1565	190	942	5914	1499	655	5858	3363	4494	552859	7069	2158	7421	6646	1544	1557	2678	1493	4914	5745	6476	3484	7038	5979	4880	3084	3880	2744	7003	332	3312	3726	5925	5054	4843	54658	6281	338	70	4851	6295	1103	1559	1019	8856	4780	2516	7412	2168	1119	367	1576	10993	1800	5970	7082	1017	8692	9607	6223	2950	55816	6517	1831	1015	7298	301	2348	197131	
dexlansoprazole		496	1557	495	
dexmedetomidine		152	5579	151	1559	1544	1557	150	1576	
dexrazoxane		7155	1356	5599	1807	7153	5243	
dextromethorphan		1143	1141	1536	6530	653361	4988	4985	5243	1136	6532	1576	1535	2905	1137	116443	2074	4689	10280	1139	10857	1565	1135	4688	5879	4986	5880	
diacerein		834	3320	3326	4780	836	2139	10919	3553	3557	
diazoxide		476	3764	3778	9420	885	760	759	1544	796	4843	4907	6559	6616	3767	4023	1565	10919	
diclofenac		5742	4353	1649	5617	5743	9311	80036	1576	1544	240	5335	1557	2678	5320	6329	54575	290	3785	8792	54578	1573	8644	6361	1565	5468	41	3786	5321	1559	213	9518	
diclofenamide		762	760	771	759	766	
dicoumarol		216	4780	1429	1559	1026	79001	1728	2944	
dicycloverine		1128	1544	1131	1129	1132	1812	1565	10919	1576	
didanosine		1559	3559	1544	7124	1557	1576	22978	7133	7498	1565	627	367	4860	
dienestrol		4780	51053	2099	246	154	247	1576	
dienogest		2099	5241	
diethylcarbamazine		240	5742	
diflunisal		4780	5742	3028	1719	5743	
difluprednate		2908	387129	367	
digitoxin		7155	476	4780	481	4088	51053	79915	3417	2908	367	483	7153	477	480	482	486	6774	478	
digoxin		4780	79915	7124	1490	5243	6097	486	478	1576	367	476	51053	2908	353189	1544	1557	153	7252	477	6774	3417	7432	1471	483	4846	480	482	1565	6863	7849	481	1559	5999	154	
dihydroergocristine		152	3356	3362	1813	3360	1814	3350	1816	3363	4137	3359	3361	153	1812	1815	148	367	
dihydroergotamine		1813	4137	3351	3363	3352	3354	3357	1812	150	3355	
dilazep		4780	79915	7066	2030	1576	
diltiazem		775	779	1559	113026	781	1544	1557	3359	3741	5243	1565	786	1576	
dimenhydrinate		1565	3269	
dimpylate		43	11069	1576	
dinoprost		5734	5729	5732	5737	11251	6915	5731	5733	
diosmetin		1545	4791	5970	4790	
diosmin		51426	5423	9682	196	5429	
diphenhydramine		1559	1544	1557	3176	1565	3269	1576	
diphenidol		1128	1131	1129	1132	1565	
diphenylpyraline		1565	6531	3269	
dipyridamole		5142	3028	79915	222962	8654	5146	5144	5140	3576	8622	5243	5138	5153	1576	3326	7068	51053	5148	5151	1557	7398	1812	5139	247	5141	3320	472	5347	11069	5152	4363	5147	5143	2030	1565	7253	5136	10919	2648	7251	100	10411	5149	1559	6517	5150	10846	5158	27115	5145	672	5137	
disopyramide		1128	6331	3752	1131	3751	1129	1565	3757	
disulfiram		10951	4780	3028	1813	9682	79915	224	5243	865	1576	367	216	7421	218	5467	51053	706	1544	185	7066	1557	2678	2670	255239	217	1621	3320	54737	5347	861	4790	10919	2475	1559	5999	6531	154	4524	3248	
dobutamine		153	2778	1812	154	
docetaxel		84790	10383	84617	10382	7280	7277	4137	81027	4133	347688	596	10376	10381	203068	4134	347733	7846	8856	113457	112714	7278	
dolasetron		3784	9177	3359	285242	200909	1576	9722	170572	
dolutegravir		5452	9429	54658	8856	1551	1577	1576	
domperidone		1813	1814	79915	5243	1565	3757	
donepezil		1139	590	43	1565	1577	627	1103	
dopamine		4780	3028	1813	6530	3363	146	2237	1815	6532	147	153	1812	5965	150	1621	328	151	54737	1816	390245	148	10919	152	1814	3350	7157	6531	3091	
dorzolamide		762	760	771	759	23632	766	1576	
dosulepin		1128	6532	6530	1131	1129	1132	1133	3269	
doxazosin		79915	147	146	148	2475	
doxepin		1128	1565	3356	6532	1559	6530	3358	1544	1131	1557	1129	3357	1132	3274	1133	3269	3757	1576	
doxofylline		5141	5142	5144	5143	134	
doxorubicin		5916	6390	6872	5243	7150	1535	7052	6714	2625	85413	1543	7155	673	2215	8574	4363	1906	8644	2214	1565	2944	581	655	64078	4654	4602	5294	552859	2539	216	4297	1544	1557	3589	4835	4915	596	4846	238	874	546	10327	5880	1555	332	7515	627	54093	174	1647	9429	4843	5290	1728	6935	861	2938	2064	1244	4689	4907	7153	1588	1559	7040	10599	8856	672	207	4780	873	8493	2146	3921	2067	1576	218	1545	53353	8714	10257	1432	328	1027	472	6670	54578	5291	4842	2950	3014	55816	51426	7157	
doxylamine		3269	10919	
dronedarone		146	3741	3757	367	1576	775	6323	147	153	150	151	779	778	782	785	796	776	783	1565	148	3776	152	784	
droperidol		3356	1813	1814	1815	1565	148	3757	
drospirenone		5241	4306	367	1557	
droxidopa		152	151	5053	147	146	153	155	154	148	150	
duloxetine		6530	9652	54881	6532	125170	57101	51053	9378	55904	2220	3356	57194	4684	27130	285852	1565	79750	3362	1814	3358	6531	
dutasteride		6716	79644	6715	367	
dyclonine		216	7421	1559	6331	51053	1544	6336	1565	10919	
dydrogesterone		4780	5241	367	
dyphylline		5141	5142	5150	5144	5143	27115	5139	
ebastine		3269	2475	1576	51053	
ecabet		5225	643834	124056	
econazole		56302	4886	4887	8856	7226	
edaravone		216	7421	1544	596	1576	
edrophonium		43	590	
efavirenz		4780	3586	9970	5243	3123	367	1576	1544	10	9429	8714	1557	54658	1577	3356	4363	1244	7364	1565	387129	1559	3172	8856	1555	
eflornithine		10919	4953	384	
eletriptan		3350	3351	3363	3352	3354	3357	1565	3355	
eliglustat		1565	7357	
eltrombopag		10599	4352	462	6580	28234	2153	11309	
eluxadoline		4988	4986	4985	
empagliflozin		6523	6527	6524	
enalapril		1636	8654	1803	1490	624	1576	4306	5599	328	183	1066	4846	4842	1832	2936	7157	10599	7422	154	3308	
enasidenib		3417	3418	2322	
encorafenib		1956	673	5894	7157	5604	369	3845	5728	
enflurane		2743	2565	3736	54207	2557	3778	2562	2741	2566	51305	2564	779	2560	2890	6261	2559	3776	2561	3777	513	2555	55879	2558	27032	2556	2563	338567	2567	2568	2554	
enilconazole		23435	1588	1559	1544	1577	5465	367	1573	5732	8856	1555	1576	
enocitabine		51727	7298	6240	
enoxacin		7155	7153	526	
enoximone		79915	5139	10919	1812	
enoxolone		5579	5580	51426	1559	3290	1557	5578	5468	1565	57016	1576	
entacapone		1312	51426	
entrectinib		5582	120892	57118	2261	2534	25	3718	4869	2321	10733	5747	6788	29110	1196	2120	2260	9212	57396	6098	3791	3815	6197	6714	10188	695	27436	11183	4486	2444	4058	5588	558	5586	1613	3717	4914	28996	9748	4915	6790	640	3932	5871	238	4233	2324	5562	2241	6850	9448	1436	3480	2322	4916	57551	5979	1022	4067	2869	
enzalutamide		1586	367	5728	
epalrestat		7421	231	60482	4137	
ephedrine		1813	6530	154	43	148	6571	
ephedrine-(racemic)		11016	6530	7124	6532	2353	466	153	150	22926	3558	122953	4772	148	468	1386	22809	3725	6531	467	154	
epinastine		3269	3274	1812	
epinephrine		5602	4780	3028	7124	146	2237	2539	7170	4982	7421	4137	5053	147	153	1812	5965	51738	150	328	151	8692	390245	831	5291	148	2475	152	51426	6517	3091	155	154	
epirizole		1544	5743	5742	
epirubicin		3161	8812	332	5243	5054	1545	5296	5444	64065	63970	7155	5528	50943	3643	2064	596	4846	7153	4842	2950	4194	3667	874	1588	2308	7157	1105	26354	10599	9978	
eplerenone		476	4306	
epoprostenol		5734	64805	5739	5731	5740	
eptifibatide		2243	2266	3690	2244	3674	
ergocalciferol		7421	4780	10919	367	
ergonovine		3028	1813	3354	148	367	
ergotamine		1813	6530	146	3352	147	1812	150	3355	3356	151	1816	3357	148	3362	3350	3351	3358	3354	3361	
erlotinib		25	332	5243	4763	2321	50488	1576	367	7525	54206	1956	9212	57396	1544	999	9429	3791	3084	5290	2264	54658	324	2444	4058	11309	2872	2066	673	3717	5586	9748	2064	640	4921	238	4233	4771	867	1565	2324	3845	6850	4214	5594	7157	3480	2065	147746	8856	5979	25865	4067	5728	
ertugliflozin		6523	6527	6524	
erythromycin		3605	2539	5243	3757	3553	1576	1544	1557	7498	1577	5347	2150	4363	1244	596	1565	2862	581	1559	8856	
erythromycin-estolate		1595	213	55244	5243	3757	1576	2862	
erythromycin-ethylsuccinate		1595	213	55244	5243	3757	1576	2862	
escitalopram		10098	3356	6532	1559	3351	1544	127254	3358	1557	2731	55312	3589	653	7166	2289	1565	627	2869	
eslicarbazepine-acetate		6334	6323	6329	6332	6331	6326	6335	6336	6328	11280	
esomeprazole		1559	1544	1557	1571	1548	1565	1577	1576	495	
estradiol		5021	1356	2099	5858	3976	1490	6097	3757	1576	2100	367	5788	2597	3778	2908	1544	1557	4843	5965	2101	5624	5468	1565	10919	5328	1559	5627	6517	2852	462	8856	
estramustine		7421	581	3074	51426	55775	4130	2099	354	7398	596	641	4133	2100	367	2648	
estramustine-phosphate		4130	2099	4133	2100	
estriol		2099	2100	367	
estrone		4609	23435	54579	2099	412	5294	1645	2100	367	
estropipate		2099	10411	2100	7421	
etacrynic-acid		6557	476	
ethanolamine-oleate		2161	338557	2167	5338	2864	
ethinyl-estradiol		2099	2100	8856	
ethisterone		7299	367	
ethosuximide		8912	6323	8913	8911	1576	
ethotoin		6334	6323	6329	6332	6331	6326	6335	6336	6328	11280	
ethoxzolamide		762	768	765	771	759	760	361	23632	377677	766	763	11238	761	
etidronic-acid		523	5802	
etifoxine		2556	2555	2558	2554	
etilefrine		148	8484	153	
etodolac		5743	5742	4780	
etofenamate		1544	5743	5742	
etomidate		2557	151	2560	2555	2561	2562	2558	2565	55879	2566	2567	2564	2556	2563	2559	2568	2554	
etonogestrel		1551	2099	5241	367	
etoposide		94025	8202	2740	1649	2068	6585	675	2952	3683	4613	5243	2067	1576	1956	2260	174	1111	51053	1544	1557	8398	54658	54575	79659	7155	472	8648	10914	690	4363	283871	596	10097	7153	10673	1869	1977	2950	1565	3481	581	1559	5594	7157	7040	354	5595	10599	9518	7298	494514	5319	
etravirine		1559	9429	8714	1557	5243	1576	
eugenol		216	367	4129	
everolimus		2099	8242	675	4352	5728	5243	4763	2100	367	5925	1956	2767	5295	208	5290	2264	10000	1577	673	472	6794	3265	55193	2064	7249	2776	4851	4771	3845	2475	8314	201163	7428	7248	2280	1499	5979	4893	57521	672	207	
exemestane		4780	1588	9448	632	5241	1545	2099	2064	81027	1109	58508	8644	2100	367	
ezetimibe		387129	6646	290	29881	
fadrozole		1588	1584	9420	1545	2670	1585	
famotidine		9682	3274	6863	2247	
fasudil		5569	6093	6198	11200	5582	120892	1576	1020	9212	57396	2624	6197	5567	10000	5588	1613	5613	867	1565	3845	5580	1024	9448	23683	9475	868	5566	1022	25865	10110	207	
febuxostat		54579	54578	54576	316	54658	7498	54577	54657	54600	54575	54659	367	
fedratinib		3717	3716	7297	2322	23476	3718	
felbamate		116443	2904	116444	1559	1544	2905	1557	1576	2902	1565	2903	2906	
felodipine		775	779	4306	51053	778	781	3952	4137	1080	776	783	5243	1576	4650	
fenbendazole		51053	2740	3417	1544	203068	
fenbufen		5743	5742	
fenigam		2550	9568	
fenofibrate		335	1072	19	3105	2168	64386	5243	4023	3757	1576	367	9370	1544	1557	1577	7035	338	348	949	959	1559	983	7157	3569	5465	10599	7422	3725	116519	1401	
fenofibric-acid		1180	5465	
fenoldopam		152	10951	151	10919	1816	1812	5965	1815	150	
fenoprofen		5743	5742	160728	
fentiazac		5743	5742	
fesoterodine		1128	1565	1131	1129	1132	1133	1576	
fexofenadine		5243	3269	11309	
finasteride		4780	2260	1559	1544	7052	367	1557	1576	6715	8837	6716	1565	6718	
fingolimod		53637	1901	
flavoxate		1128	1133	1565	1129	
flecainide		3767	6331	1544	3743	3741	11280	64326	
fleroxacin		7155	390245	7153	
flibanserin		1565	3356	1559	3350	1544	1555	1557	1558	1815	1576	
floctafenine		5743	5742	4780	
flopropione		1576	3350	
floxuridine		10057	1559	355	3417	1544	2064	1557	5290	596	2026	1786	7298	1565	1576	
fluconazole		3320	23435	1559	1544	1595	1557	213	1565	1576	
flucytosine		1806	1786	367	
fludarabine		4780	4088	6240	4353	958	5294	6820	1633	10320	6241	472	116085	1571	2030	100	581	6387	10599	331	5422	
fludarabine-phosphate		5424	6241	5426	6240	50484	5422	
fludroxycortide		2908	5321	367	866	
flumazenil		4780	2565	2557	706	2562	1557	2566	2564	2560	2559	2561	2555	55879	2558	2556	2563	2567	2568	2554	
flumethasone		2908	367	5319	
flumethasone-pivalate		2908	866	
flunarizine		8912	773	10919	51053	79915	801	8913	8911	3269	
flunisolide		5321	1559	2908	1544	1557	1576	6862	113263	1565	367	
fluocinolone-acetonide		2908	866	
fluocinonide		5321	2908	367	6608	866	
fluorometholone		2908	5321	367	
fluoxetine		1636	222962	2289	5243	627	6532	1576	367	3757	7905	5054	6728	6311	1544	4843	84152	1812	1577	15	1394	3356	3360	3357	1565	3481	2932	3350	3351	55107	7166	
flupentixol		1128	3356	10951	1813	1814	6311	1816	7398	1812	148	
fluphenazine		3356	10951	3362	1813	10919	7157	1816	3363	1544	3351	7398	801	1812	5243	1565	3269	
fluphenazine-decanoate		3351	1813	3360	
flupirtine		3763	7421	10951	3028	3762	10919	3760	5999	3784	3119	3765	3091	2139	1565	150	3123	1576	3785	
flurbiprofen-(S)-(+)		5743	5742	
fluspirilene		10951	4088	1813	9682	79915	3352	3757	367	3064	5467	51053	7066	3269	3356	54737	7494	3417	1565	387129	10919	3350	3354	786	
flutamide		4780	4353	196	5037	332	2539	6097	1576	367	1544	366	1557	3559	7432	7054	10919	1559	1026	354	8856	
fluticasone-propionate		2908	4306	5321	5241	
fluvastatin		1636	6564	28234	5243	3123	1576	9429	1557	54658	1577	54659	11309	348	7364	1565	3156	1071	3990	8856	1558	6720	
fluvoxamine		3356	1559	3350	1544	10280	1557	2247	161357	5243	1565	1312	6532	1576	
folic-acid		113235	6573	2352	2350	
fomepizole		124	10919	10327	126	847	125	
fondaparinux		2159	462	
formestane		1545	23435	1588	367	
formoterol		1565	1557	154	
fosfestrol		2099	2100	
fosfosal		5743	5742	
fosphenytoin		6331	3106	
fostamatinib		6850	5925	
frovatriptan		3351	3352	3350	
fruquintinib		3791	2324	2321	
fulvestrant		5241	898	2099	1544	2064	2852	2101	2263	1021	5290	7035	2053	2100	5728	
fumagillin		4780	10988	
furosemide		335	1636	6863	760	6558	2859	6559	10257	6915	6557	2922	2784	100379251	118	
gabapentin		773	10368	59284	56479	134	59285	10369	5243	93589	27092	775	8912	2904	116444	781	2905	8913	8911	2902	27091	2903	2906	116443	779	59283	778	782	785	776	783	2026	4842	3786	777	784	9254	55799	774	786	
gabexate		7177	7032	5644	
galantamine		1143	1141	590	1136	1144	1142	1138	1146	1137	55584	1134	1139	1145	1140	43	1565	1135	1103	8973	57053	
gallamine-triethiodide		1134	1129	
gallopamil		488	1636	4311	
garenoxacin		2744	7153	
gefitinib		5602	23118	11200	9641	1453	51135	5728	4793	5243	1399	50488	6608	7525	1956	817	4792	2260	51053	4137	5599	9429	5156	5292	5970	5290	10188	23235	11183	5261	2444	3551	1577	1048	3984	1432	558	2872	2066	673	2263	9748	84446	2064	2012	640	3932	4233	1565	2324	3481	3845	415116	3055	4214	1559	9448	818	23683	2065	147746	55872	22933	3654	4893	5601	25865	4067	7376	
gemcitabine		11044	147700	2176	2100	1041	1111	7052	6714	55315	1612	64132	3417	30833	2030	867	7916	22978	51251	988	9153	5430	170679	64078	3107	7124	675	10848	2114	1635	2289	840	3791	51727	81704	170954	3265	3177	10849	546	400745	3084	5728	6240	2068	978	7515	60490	79969	4439	9429	5290	6241	1029	2064	84618	3845	5894	2274	672	5104	207	57650	2261	1633	2067	1956	50484	84920	7465	4089	3481	2880	1558	135656	7157	55902	462	7298	10866	4893	9154	
gemfibrozil		1636	1559	3952	3569	5465	28234	10599	3725	4023	627	11309	3949	
gentamycin		6390	3312	
gestrinone		5241	2099	367	
glasdegib		2475	6608	
glimepiride		1559	7124	6833	2539	10060	3767	3667	3758	
glipizide		3766	1559	6833	6517	2539	3767	5468	3758	
gliquidone		3766	3764	1559	3028	390245	6833	3767	1576	
glyburide		3764	358	19	2539	8647	3758	1576	1374	6833	1080	1557	3762	11309	6338	3558	10057	5468	1565	1559	6517	10060	3767	8856	
glycopyrrolate		1128	1131	1129	1132	1133	
gonadorelin		114814	2798	
goserelin-acetate		2798	3973	
granisetron		9722	7157	285242	9177	3359	200909	5243	1565	1577	2067	1576	1543	170572	
griseofulvin		3028	3859	1576	8856	367	
guanaben-acetate		152	151	150	
guanfacine		152	151	10919	1557	1565	150	1576	
guanidine		1742	217	2593	6035	
halcinonide		2908	4780	367	
halobetasol-propionate		2908	5319	
halofantrine		3783	3757	
halofuginone		3558	2058	4088	1277	7124	7803	4313	7490	
haloperidol		84062	1861	1813	2900	3363	3352	2166	9152	1268	3308	5243	440275	1815	84159	627	367	1576	285242	3757	775	4129	6532	3339	2904	51053	1804	4825	3164	11214	3359	4160	1812	255239	1312	2902	4852	1577	3269	1432	2903	290	3557	22874	219790	3356	3756	1816	2890	10280	4907	3357	6261	6505	1565	1742	2475	6863	84107	9456	4922	1814	3350	818	3358	6517	5997	7957	7157	6531	340273	3949	
haloperidol-decanoate		3356	1815	1813	1814	
halothane		3028	2743	2565	60598	54207	2557	2562	2741	2566	51305	1548	2564	56660	779	2560	6261	56659	2559	3776	2561	3777	513	2555	55879	2558	8645	2556	2563	338567	2567	2568	2554	
hexachlorophene		222236	4780	4088	3028	9682	2099	7341	3312	6097	1576	367	6613	29994	7421	3064	5467	51053	4137	5423	7068	7398	2194	247	2584	4170	3320	5347	11069	2746	3417	3002	9099	7253	6392	7849	2648	10411	4886	7157	7415	5429	246	3248	
hexestrol		2099	2100	1645	
hexylcaine		6331	6336	
hexylresorcinol		4780	7398	1576	7299	367	
histamine		11255	10919	222962	759	59340	7398	3274	766	763	4000	3269	
homoharringtonine		7015	6122	613	25	332	
hydrochlorothiazide		64478	1636	65125	5742	768	6585	441108	3158	131578	55757	3758	5054	81624	51061	3778	6934	80895	162282	84890	51196	6559	153	8854	5139	118	51422	1445	8089	760	759	4925	51497	10888	54790	7408	84444	762	771	64839	83447	5578	23327	
hydrocortisone		4780	3028	182	2516	5243	1576	367	3553	2158	4312	5788	4306	7421	2908	1667	4843	3291	183	653509	2064	338	4790	4851	405	3684	5091	6361	51083	5328	3038	100	4087	7040	1831	3091	8856	7298	4880	301	
hydroflumethiazide		476	762	768	3778	390245	760	771	759	6559	6557	
hydroquinone		4780	1588	3028	958	7066	4790	596	3091	3576	7153	2950	1728	6097	10919	7299	3553	3248	
hydroxychloroquine		54106	351	5743	7098	3552	7124	2539	7298	51284	1565	494514	
hydroxyprogesterone		2099	5241	367	
hydroxyurea		6241	1356	3265	6240	4217	1843	50484	25	1786	641	1977	5741	1576	1791	
hydroxyzine		1559	1544	1557	1565	1577	3269	3757	1576	
hyoscyamine		1128	1131	1129	1132	1133	
ibandronate		5741	2224	
ibrutinib		4609	4088	7294	2534	3718	7006	7525	1956	6714	695	2066	472	2064	640	5336	3932	1565	660	3055	3702	7157	4615	4067	
ibudilast		1565	5141	5142	1544	3569	8654	1576	5144	5143	5139	3553	
ibuprofen-(S)		41	5743	5742	160728	
ibuprofen-piconol		5743	5742	
ibutilide		775	781	782	796	3757	
icosapent		7421	2182	5742	5467	6546	2181	5743	2744	5468	3992	7442	2864	
icotinib		1956	1557	
idarubicin		10951	79915	1437	2237	6820	641	1633	5243	3757	2120	3064	7068	5423	4137	6311	1535	7398	1812	5965	328	7155	54737	116085	1788	4689	1571	7153	10919	2475	51251	51426	2322	10599	5880	5429	11201	
idelalisib		673	5294	5290	5291	5293	5728	
ifosfamide		1562	5742	1559	7157	3569	1577	1557	1551	1786	4255	2950	3308	1548	1558	1555	8856	1576	
iloperidone		152	3356	56853	3362	1813	1814	3350	3363	80224	10718	1812	1815	375298	1565	148	3269	
iloprost		5734	5729	5465	5739	5732	5737	6915	5731	5733	
imatinib		4609	5602	4088	5159	2952	6584	25	332	5243	8534	4763	6583	1576	7525	1956	2120	6573	57396	3815	1544	10320	9429	5156	613	5155	6579	331	10257	2139	2444	1728	1577	81608	673	3717	861	1029	4914	4835	10941	1244	780	10018	4921	3932	238	4233	4771	6580	4089	25989	3845	5583	959	1436	2810	6517	92241	1572	2322	27	57551	3654	1499	5979	1555	4067	5244	
imidafenacin		1128	1131	
imidapril		624	1636	183	1585	
imipramine		1813	6530	3363	146	1132	1133	6532	3757	627	1576	3752	1544	147	1557	4158	1812	3269	3356	3756	1816	1131	1129	1565	148	10919	1128	3362	1559	3350	3358	3751	6531	
imiquimod		51284	3439	51053	51311	
indacaterol		1128	153	54658	154	
indapamide		760	3359	6559	3753	3784	328	
indinavir		1565	1559	1437	1544	6517	1557	7020	54658	1551	5243	1577	1576	
indobufen		5743	5742	
indomethacin		4609	1636	4780	5742	1649	5743	332	3753	9536	627	6778	1576	174	1544	185	1557	2247	2678	5320	11251	3784	113235	10468	2215	4363	7054	3689	2026	8644	5468	1565	2214	6295	7442	942	1559	6517	133	5465	2739	7298	145482	
indoramin		152	151	147	146	148	
ingenol		5580	5581	
ingenol-mebutate		5579	5581	5580	5582	5578	
inositol		5340	3667	7157	4908	887	7040	4907	10423	7006	1490	4023	2911	4893	627	921	
ipratropium		1128	1565	1559	1544	1131	1129	1132	1133	1576	
irbesartan		1636	183	1559	1544	185	6554	1906	338	6517	3725	348	1576	
irinotecan		864	5602	116447	9619	675	56479	10111	590	6470	5243	54600	7329	10512	1956	6573	7421	7361	7150	9429	5290	54658	10257	285761	374	673	472	10057	5300	2064	1244	8824	1066	8490	1869	4089	9636	3845	3831	546	7157	7517	1806	7040	7422	22943	8856	7048	7298	494514	672	4524	207	
isocarboxazid		4129	1544	4128	
isoconazole		1586	29994	5467	51053	3417	10919	
isoflurane		2743	2565	3736	54207	2557	2562	2741	2566	51305	2564	779	2560	2890	6261	2559	3776	2561	3777	2555	83795	55879	2558	27032	2556	2563	338567	2567	2568	2554	
isoflurophate		43	590	
isoniazid		1559	1544	7124	1557	1571	571	7975	4843	7514	2950	8856	5243	1558	1555	1576	
isoprenaline		153	155	154	
isopropamide-iodide		1132	1131	
isosorbide-dinitrate		2974	2977	4881	
isosorbide-mononitrate		2974	2977	
isotretinoin		5916	7421	7068	5914	596	5915	7038	4023	1577	367	761	
isoxsuprine		1565	1544	154	
isradipine		775	779	778	781	776	8856	1576	
istradefylline		135	136	134	140	
itopride		43	2328	1131	1813	
ivabradine		57657	378938	10021	1576	348980	
ivacaftor		115019	1080	
ivermectin		5243	5027	1139	
ixabepilone		84790	2099	10383	84617	7280	2100	1576	7277	81027	347688	7275	5241	2064	10376	10381	3845	203068	347733	7846	113457	112714	
ketanserin		3363	146	3352	3308	147	1557	1812	6571	3356	1816	3357	148	10919	1559	3350	3351	3358	3361	6570	3248	
ketoconazole		10951	4780	9682	3744	5243	1576	29994	7421	9971	1544	9429	1557	3320	6622	54737	64816	1565	10919	1559	8529	
ketoprofen		5742	160728	5743	1565	5376	
ketorolac		1565	5743	5742	
ketotifen		1565	3269	1812	
L-arginine		4843	6545	113451	4846	435	84889	445	384	6541	222545	
L-citrulline		5009	11240	51702	29943	4843	4846	23564	4842	23569	445	23576	222545	353238	
L-methionine		1373	4548	4552	875	27232	23743	10840	635	10988	5723	
labetalol		2697	1559	1544	147	146	1557	153	154	4023	1565	148	10855	1576	
lamotrigine		6332	3107	3119	5243	3123	1576	6323	6326	1544	9429	361	1557	6329	5538	6580	6335	7364	1565	6328	6334	1559	6331	3172	6336	54657	11280	
lansoprazole		4780	4864	3576	5243	3553	1576	29994	7421	4137	162466	1544	1557	496	1577	1543	5347	390245	23430	1565	10919	495	5999	2936	246	8856	9367	
lapatinib		2099	332	8647	3123	2100	1576	7525	1956	9212	999	595	6714	5290	1577	1027	2066	673	29904	5241	2263	2064	4233	4771	3845	2065	3117	5979	3084	
laropiprant		3156	5729	5739	5732	5737	11251	6915	5731	5733	
lasofoxifene		2099	2100	
latanoprost		5737	5742	10257	
leflunomide		2185	4780	3064	79915	2099	196	1544	1723	3576	6607	4312	9367	1576	6606	
lenalidomide		1642	10320	7124	8600	7423	2247	7422	7424	51185	8451	1499	5243	9978	3845	
lenvatinib		673	2260	3791	2263	3815	5159	5156	5979	2324	2321	4893	7525	
lercanidipine		781	10951	786	51053	
lesinurad		116085	1559	
letrozole		1588	1029	5241	1545	2099	2064	8600	4313	5290	58508	1499	1548	2100	1576	4982	
leuprolide		1559	2796	1544	1557	1576	2798	1565	367	
levalbuterol		7253	154	
levallorphan		1135	4988	
levetiracetam		6323	9900	3105	759	3359	774	5243	
levobetaxolol		153	154	
levobunolol		153	155	154	
levocabastine		23620	3269	
levodopa		10951	3028	1813	9682	2237	641	1815	627	4129	3600	185	3164	7486	1812	5965	1621	328	54737	1816	390245	4935	6580	1742	10919	7442	100	581	9456	51426	1814	5594	6531	5429	11201	1312	4524	
levofloxacin		9986	2936	3569	7153	5243	
levomepromazine		1813	146	1132	1133	1815	147	1812	3269	150	3356	151	1816	1131	1129	3357	1565	148	152	1128	1814	3358	
levonordefrin		152	151	3028	51426	10919	6530	390245	147	146	3091	246	5965	148	150	328	
levonorgestrel		2099	6715	5241	
levosimendan		7134	5139	3764	3767	
levosulpiride		1813	1559	1814	1544	771	759	1557	766	1565	3757	1576	
levothyroxine		2158	5054	4780	7068	7067	196	7252	7056	5468	
lidocaine		6334	1956	6323	6329	6332	6331	4353	6326	2539	6335	6336	6505	6328	11280	627	1576	
lidoflazine		6323	2030	6328	1565	3757	
linagliptin		1803	5452	
linezolid		4129	1559	1544	4128	3569	1565	1576	
liothyronine		7068	1559	7067	1544	3351	1557	1565	1576	
lisinopril		1636	4314	183	7432	59272	624	6462	
lisuride		152	3356	151	3362	1813	1814	3350	1816	3351	3358	3352	3357	1812	1815	148	150	
lobeline		57053	6571	55584	
lofepramine		7421	51053	6530	3350	6532	
lomerizine		51053	6331	774	
lomitapide		4547	255738	338	3949	
loperamide		7010	773	4986	7157	7253	4988	367	4985	801	1576	5243	1565	2475	5443	
loratadine		6863	1559	51053	4353	5594	387129	7253	1557	55117	3091	3741	6361	1565	1577	3269	367	
lorlatinib		7157	6098	2242	27436	238	4869	5925	
lornoxicam		5742	1559	5743	2641	11201	
losartan		4868	185	27347	57118	54658	7364	5243	1577	1576	
lovastatin		3952	5617	5294	28234	3683	5829	5243	4023	6097	1576	7421	6646	1544	1557	54658	1017	1577	3066	54659	11309	6606	3949	3988	7057	3417	7035	1244	338	4907	5291	7364	929	1565	10919	3156	1559	1071	2222	10599	8529	8856	6607	116519	1558	207	
loxapine		1813	6530	3363	3352	1132	57582	1133	1815	6532	147	3359	153	1812	3269	150	3356	151	1816	1131	1129	3274	148	152	1128	3362	1814	3350	3351	3358	59340	3354	3361	6531	
lubiprostone		1181	1191	
lumefantrine		476	1577	221785	1576	
lurasidone		152	3356	1813	3350	3363	150	
lypressin		553	554	552	
macitentan		1910	1909	
mafenide		762	768	765	760	771	23632	2539	
malathion		7421	4780	3028	43	1576	
manidipine		776	775	
maprotiline		1559	6530	6311	7157	1544	7253	80036	1812	5243	1565	2475	1576	
maraviroc		1234	4988	
masitinib		2185	2260	1436	2263	3815	5159	6714	5156	2261	25	5747	4067	3055	7525	
masoprocol		2064	240	
mebendazole		51053	10383	1544	7846	203068	
mebeverine		1128	1133	
mecamylamine		1143	8973	1559	1544	1134	1139	1137	1565	1135	1136	1576	
meclizine		1559	9970	1544	3249	1565	3269	
meclofenamic-acid		5742	5743	240	1268	3786	3785	
medetomidine		152	151	147	146	148	150	
medroxyprogesterone		216	7421	4780	581	5241	2078	387129	1545	2099	1576	4312	6097	1577	367	
medroxyprogesterone-acetate		2099	5241	
medrysone		2908	4780	5321	367	
mefenamic-acid		3784	5743	5742	80036	
megestrol-acetate		2908	5241	
melatonin		4609	2730	4353	5617	2099	5294	811	801	1576	3553	4129	632	6095	1544	240	5187	4543	2670	2691	3458	4133	15	9168	4835	3357	1551	64816	438	8288	581	5914	6096	4544	7040	
melevodopa		3028	1813	1814	1816	410	1812	1815	1644	
meloxicam		5742	1559	5743	1577	367	
melperone		3356	1813	
menadione		4780	2677	4128	154807	316	641	367	2158	216	4129	7421	632	5467	4137	6311	1544	1557	79001	1728	3043	4835	5624	2147	1565	10919	2155	2159	5627	7157	8858	
mepacrine		51426	5999	79915	2237	7398	1812	11201	10919	2475	5319	
mephentermine		152	151	1813	147	146	153	155	154	148	150	
mephenytoin		6334	6323	6329	6332	6331	6326	6335	11280	6336	6328	1555	1576	
mepyramine		1559	1544	1557	1565	3269	3757	1576	
mercaptopurine		3614	5471	3251	3615	
mesalazine		5742	3028	3586	4353	5743	2744	1576	7421	240	1557	7398	1147	5965	3551	328	5468	10919	834	51426	9	3248	
mesoridazine		3356	1813	1814	3350	3358	1573	1812	10919	
mestinon		43	590	
mestranol		183	1559	2099	1544	1557	2678	7252	1565	367	
metaraminol		1559	1813	1544	1557	1565	148	1576	
metergoline		10951	3363	3352	10855	3757	29994	51053	7066	1812	3355	3356	3357	10919	3362	3350	3351	3358	3354	3361	
metformin		11132	6514	222962	32	26960	53632	6581	57094	6667	5290	80704	5564	6794	472	51422	3265	3417	2064	269	5571	6928	6580	2330	5563	5562	3845	2475	26121	6582	146802	5465	55244	5565	8856	3767	4893	5728	
methacholine		1132	154	1129	
methantheline		1128	1133	3274	1565	
metharbital		2891	2565	2557	2562	2566	1137	2564	2560	1139	2898	2559	2561	2555	55879	2558	2556	2563	2567	2568	2554	
methazolamide		762	3106	3107	3643	760	771	759	23632	766	10919	
methimazole		1809	1400	2215	632	3123	3106	3952	1437	9420	7124	7157	7173	2670	3725	3576	10919	1493	3559	
methocarbamol		1559	1544	759	1565	1576	
methotrexate		3028	514	3736	28234	6470	7170	7099	2908	9376	2625	113235	2215	3417	4363	5836	2944	1565	8836	581	2322	5429	6283	54657	3704	655	3107	3316	54576	552859	6898	54600	84159	6822	270	6573	7421	1719	471	1544	240	595	1557	55867	135	3558	4914	9194	6279	4846	5797	2346	259232	7128	2356	3082	23435	6648	2744	332	5925	174	5423	10320	11252	6579	9429	2264	54658	54659	54737	50943	3135	1244	646023	4851	114571	5468	29102	100	1559	55556	10599	54577	4780	8202	3809	1576	8714	3824	10257	6504	54575	3557	328	3385	1027	54579	54578	1869	23384	10919	55816	7157	4552	11201	7298	2348	3133	
methoxamine		148	147	146	
methoxsalen		6863	1553	2099	1544	2237	1548	1565	1432	1576	1543	
methoxyflurane		2743	2565	3736	1576	2557	2562	2741	2566	2564	779	2560	2890	6261	2559	2561	513	2555	55879	2558	27032	2556	2563	2567	2568	2554	
methscopolamine		1128	1131	1129	
methsuximide		8913	8912	8911	
methyclothiazide		6557	6559	4780	
methyl-aminolevulinate		2209	2235	
methyldopa		10951	3028	1813	9682	2237	641	1576	1644	216	29994	51053	5423	1544	1557	5965	150	328	151	54737	390245	1565	10919	152	51426	1559	5999	11201	839	1312	
methylergometrine		216	7421	3356	5999	3358	3354	3357	1812	5965	10919	3355	
methylnaltrexone		4988	4986	4985	
methylprednisolone		627	4609	4780	7224	3627	3559	2908	941	7157	3689	596	3567	3458	5243	301	367	
methysergide		216	7421	3356	3362	5999	3350	3351	3358	3363	3352	3354	3357	3361	1812	5965	10919	3355	
metirosine		3558	1559	1544	7054	1557	6531	3439	7350	1565	627	1576	
metixene		1128	1131	1129	1132	1133	
metoclopramide		1128	3558	1727	1813	3360	51700	1544	51706	51167	9177	3359	2539	1565	1585	
metocurine		1135	1129	
metolazone		6557	6559	3028	
metoprolol		1636	6521	2868	83447	153	154	131578	1565	
metronidazole		216	1559	706	3569	1576	
metyrapone		8856	1576	1584	
mexiletine		5328	6331	6329	1565	6863	
mianserin		150	3356	3362	3360	3358	3363	147	146	3357	3359	3274	1812	1565	148	3269	1576	3309	
miconazole		56302	3320	7421	1559	9682	3417	1544	1557	1551	7226	8856	5243	1565	1576	
midostaurin		5159	5582	5584	4869	7525	5579	2120	2260	3791	3815	5156	5290	5590	5588	5587	5291	3845	5580	5581	5583	55351	2322	4916	5578	3308	23683	
mifepristone		10951	4780	9682	3976	5243	627	1576	367	29994	2908	1812	54737	5241	6476	387129	10919	2475	2778	354	8856	
miglitol		8972	23193	2548	23269	2595	
miglustat		23193	7357	
milnacipran		6532	3350	6530	161357	150	
milrinone		5141	8654	5140	5139	5138	
miltefosine		1437	7124	5290	5243	5319	
minodronic-acid		9453	2224	
minoxidil		3766	5742	3764	1559	1544	796	1557	6817	10060	3767	1565	3758	1576	
mirabegron		1565	153	155	154	
mirtazapine		3952	2289	25970	1557	3359	121278	1577	150	3356	151	1565	51083	152	1559	3350	3358	9135	6517	1555	
misoprostol		5734	5739	5732	387129	5733	
mitiglinide		5468	3766	6833	3767	
mitotane		4780	472	1584	2099	1583	6097	1555	3757	
mitoxantrone		10951	4088	9682	79915	5893	2237	3921	4154	641	5243	1576	7525	3064	6311	9429	410	5292	7066	7486	5965	79623	7155	54737	54579	4790	596	7153	10919	581	51426	5999	5594	7157	29127	10599	1786	5429	11201	7468	672	
mivacurium		1135	590	1129	
mizolastine		3269	2205	
mizoribine		3614	10919	
moclobemide		4129	4128	367	1557	
moexipril		1636	59272	
molindone		3356	1813	10919	1812	3269	
mometasone		2908	301	
monobenzone		1544	7299	4780	
montelukast		1565	4300	56934	1559	64409	4056	1544	4363	240	1557	11309	54659	10060	4048	1558	1577	10800	1576	
mosapride		3359	3360	
moxifloxacin		3757	7153	2539	
moxonidine		152	151	150	
mozavaptan		553	554	552	
mycophenolate-mofetil		3614	3615	
mycophenolic-acid		3614	3615	
nabumetone		5742	11069	1544	5743	1573	6607	6606	
nadolol		6579	153	155	154	4023	
nafamostat		216	7113	7124	9311	7177	715	7032	5644	41	54822	40	
nafcillin		1544	1576	8856	9356	
naftopidil		8912	10951	5594	148	10919	
nalbuphine		4986	1544	4988	4985	1565	1576	
nalfurafine		4988	4986	
nalmefene		4988	4986	4985	
naloxone		1385	4986	5617	5914	2099	4908	4988	4985	117	7099	2922	627	1392	290	
naltrexone		581	4986	10280	4988	4985	2641	1621	6863	
naphazoline		1565	148	150	1813	
naproxen		10951	5742	1559	5743	1544	1557	5327	213	6288	3576	1565	1576	
naratriptan		3350	3351	3352	3354	3355	
nateglinide		3766	1559	1544	6833	796	1557	10599	3767	5468	1565	3758	1576	
nebivolol		1565	153	155	154	
nedocromil		3320	2357	5729	57105	113263	10800	
nelfinavir		1559	1544	3569	1557	7099	5243	7020	1551	1565	1555	1576	207	
nemonapride		1815	255239	1813	1814	
neomycin		2993	6517	5294	7852	6019	
nepafenac		5743	5742	
neratinib		1956	673	5241	8924	3791	2099	2064	5290	3845	2100	7525	
netupitant		6869	6697	
nevirapine		10758	6941	3119	5243	1576	9370	1544	89845	9429	8714	1557	360158	54535	1548	1577	10622	4363	1244	338	1565	1559	10866	8856	1555	
niacin		23475	1559	1544	84649	1557	4837	338442	1565	27198	1576	8843	
nicardipine		775	10951	10919	5617	140	6311	79915	1576	3553	1812	8856	5243	627	2475	367	
nicergoline		148	150	
niclosamide		4780	196	4864	6256	57582	1576	51053	4137	6311	1544	7066	324	6774	6606	3417	1565	7253	10919	2475	2778	1559	8321	7157	5540	3091	5315	6607	9367	
nicorandil		1559	1557	2539	10060	3767	
nicotinamide		683	23411	142	23408	3939	23410	
nicotine		1143	1141	1356	1813	1649	4908	1555	1991	4988	2035	5243	1136	627	1576	1644	1385	2328	174	8989	2587	3164	1142	6916	9177	5447	255239	1138	1137	1812	7365	55584	116443	1553	2326	1139	1129	1869	1565	1135	1103	54577	1588	581	8973	7428	57053	23284	1026	7040	1019	6531	3094	54657	1312	3084	
nifedipine		816	10951	4780	3028	79915	2743	3736	1991	80036	801	8001	3741	5243	2922	6097	367	1576	216	775	8912	29994	7421	51053	4137	781	6311	1544	2908	595	2741	1557	6646	2670	1812	1577	4650	779	54737	778	390245	4790	776	783	1565	148	10919	4922	1559	5999	5594	320	3091	8856	774	8170	3308	3248	
niflumic-acid		5321	5742	1187	5743	3784	55107	54600	1188	1180	5319	
nilotinib		3815	5159	9429	613	5156	780	2322	4921	25	54658	4763	3845	4067	
nilutamide		4780	1559	1544	1557	1576	354	1565	367	
nilvadipine		776	775	367	
nimesulide		5742	55775	1559	4353	5743	1544	1557	4057	2539	4842	30814	1565	3308	10919	328	
nimodipine		775	9971	4306	779	5054	778	79915	2353	4908	1080	4843	776	2670	5243	1577	786	
nintedanib		5159	2268	2261	2534	2321	7525	2260	3791	6714	5156	2264	8837	2444	2263	640	3932	2324	3055	2322	5979	4067	207	
niraparib		472	3417	10038	675	142	91607	672	545	5728	
nisoldipine		775	4780	779	773	1559	51053	778	7421	1544	1557	1576	776	1565	10919	367	
nitrendipine		778	781	185	786	776	5243	3783	3757	
nitroxoline		29994	3320	4780	3064	4088	5467	51053	9682	3417	7421	839	10002	367	10988	
nizatidine		3274	6863	
nonivamide		1559	1544	367	1576	246	7442	
norepinephrine		9682	146	2237	4154	641	7421	4137	5053	147	153	1812	1312	5965	6571	150	328	151	148	10919	152	51426	55775	5429	155	154	11201	6570	
norethindrone		4780	4922	5241	5617	5858	1557	93659	5340	367	
noretynodrel		5241	367	
norfloxacin		390245	7153	2539	10919	
norgestimate		5241	2099	7222	7225	367	
norgestrel		4780	5241	2099	6715	6462	367	3309	
nortriptyline		1813	6530	146	1132	5243	1133	6532	627	3766	6311	147	153	1812	3269	150	3356	151	1131	10280	1129	10857	1565	148	152	1128	3362	3350	7157	3358	10090	23516	155	154	2784	
noscapine		1559	10280	1557	3091	1576	
octreotide		4353	9170	6751	6752	354	5294	5291	6755	4771	3484	7038	6753	
olanzapine		2565	2166	5243	2947	2557	339745	147	3359	153	4160	1812	3269	1543	2326	3552	1131	64816	23216	1128	5999	1814	3350	9135	887	59340	7957	155	2563	1312	2567	2568	2554	1813	3952	2740	2671	3363	1815	2328	2562	2566	7172	1129	2548	2559	22987	3354	3361	2784	196	627	25970	2641	54658	477	255239	1577	150	2564	3356	151	3357	3274	5468	1103	2561	1559	4524	3352	1132	1268	440275	1133	6532	1576	5367	2696	3355	2560	1816	148	152	3362	2555	3351	3358	55879	2558	154	2556	
olaparib		4609	11200	2099	675	2100	10039	1111	51755	5290	79728	3066	545	472	5241	3417	2064	142	4233	3845	8314	3418	7428	7157	10038	580	23624	2175	10735	672	5728	
olmesartan		10599	185	
olmutinib		1956	695	
olopatadine		6285	6284	6271	6283	3269	6273	
olprinone		5139	10919	
olsalazine		7172	4297	3458	4221	
omarigliptin		1803	3757	
omeprazole		10951	4780	9682	1437	196	7124	3315	3576	2539	3067	5243	1576	3553	29994	7421	4137	1544	1557	496	1577	3074	4170	5347	390245	7432	2950	1565	10919	6863	495	1559	8856	1181	3248	
omeprazole-magnesium		496	495	
ondansetron		3356	2936	5539	9177	3359	5243	1565	1577	6532	1576	
orlistat		5054	8513	26090	747	221955	5406	2194	1268	4023	57406	
oseltamivir-phosphate		4759	4758	1066	
osimertinib		1956	2064	4233	4893	3845	
ospemifene		2099	1555	2100	1559	
otilonium		775	7398	51053	
oxaprozin		2053	5743	5742	
oxatomide		8912	3091	1565	3269	3757	1576	
oxcarbazepine		6332	3106	54576	5243	54600	3123	7421	6323	6326	6329	54575	1244	6335	7364	6328	6334	6331	6336	11280	54577	
oxibendazole		10383	203068	51053	
oxprenolol		153	154	
oxybenzone		216	3064	1544	3991	3248	
oxybuprocaine		1565	1544	6336	
oxybutynin		1128	1565	1131	1129	1132	1133	1576	
oxymetazoline		152	151	3351	3358	147	146	3352	2539	1565	148	150	1576	
oxyphenonium		1128	1132	1131	
oxyquinoline		29994	4780	4088	6097	367	10988	
oxytocin		554	5021	581	5599	2641	2516	552	5020	553	
paclitaxel		84790	3976	28234	84617	7099	5243	2353	85363	6714	4133	4363	6790	2044	2030	3925	4233	2944	203068	4214	1026	836	347733	121512	7278	4602	10383	5294	675	840	7277	51053	81027	10	5156	3559	3717	283871	596	166378	10376	10381	1978	7846	27250	3084	5728	6240	6648	2068	2952	332	3576	7280	627	4137	9429	5290	2194	1577	8379	1029	2064	1244	4313	4851	1826	7153	3845	6850	1588	5894	4778	10599	8856	113457	672	112714	207	1649	4988	10382	2067	367	1576	1956	1545	89845	8714	1017	7090	1910	347688	6663	472	2342	1869	2950	4089	4134	7157	55902	
palbociclib		2099	1021	120892	5728	2100	5925	1020	1196	1111	898	57396	5599	595	6197	5290	9149	4486	4893	1025	673	1613	5613	1029	5241	2064	896	1859	5871	238	4233	10298	5562	3845	4751	6598	9448	2322	1019	9475	6597	57551	5979	894	5601	11183	1030	23683	
paliperidone		2066	3356	25970	1813	9135	4160	1812	1565	10919	
palonosetron		3359	1565	2067	
pamidronate		942	846	3576	2224	1558	
pancuronium		1134	1131	1129	1137	1135	
panobinostat		4297	673	6598	9759	55869	83933	3845	8841	4613	51564	79885	3065	10013	9734	3066	10014	8314	
pantoprazole		7421	4137	1557	2641	5243	1577	495	
papaverine		5328	10951	5142	4780	1559	7066	146	8654	1557	10846	1387	5144	7498	1565	10919	1576	
paracetamol		5742	5743	4988	2166	3119	3576	3312	54600	1576	6046	6822	7361	1544	5335	595	1557	1017	1548	1728	7366	8792	3558	6783	2011	3360	728734	54578	1571	4502	1565	7442	445329	5321	1559	6818	1026	9420	6817	54657	
paramethadione		8913	8912	8911	
parecoxib		5743	4057	
pargyline		4129	4128	
paricalcitol		7421	632	
paroxetine		2668	6530	1132	5243	1133	2289	627	6532	1576	367	7905	6728	6311	1544	9177	1577	3356	5025	1131	1129	1565	10919	2475	1128	1814	3350	3351	133	161357	1312	7166	
pasireotide		6755	6752	6753	6751	
pazopanib		3106	5159	2261	2534	25	10019	4763	2321	5747	367	1576	7525	2260	5467	3791	3815	9212	5599	9429	5156	10188	54658	4058	3066	3984	2263	2246	6790	3932	238	4233	2324	3845	2475	1558	4751	9448	1436	3702	7157	3480	57551	5979	1022	5601	
peficitinib		2185	3717	3716	7297	3718	
pefloxacin		7155	3558	7153	3458	
pemetrexed		1956	6573	1719	471	1244	2618	3845	238	7298	2352	8836	4524	113235	5728	
penbutolol		3351	153	3350	154	
penfluridol		8913	367	5467	
pentamidine		7177	3553	1787	
pentolinium		57053	1136	1143	1137	
pentostatin		5562	100	
pentoxifylline		5142	7124	8654	5146	5144	136	134	5140	3576	8622	5138	5153	3553	7450	5148	5151	2670	5139	135	5141	151	5152	5147	4907	3689	5143	596	5136	5149	5150	10846	5111	5158	27115	5145	5137	
perhexiline		1375	1374	1544	1376	1557	1565	1576	
perindopril		1636	185	2539	623	
perospirone		1815	1813	1814	
perphenazine		10951	1813	3363	5893	801	3757	51053	6311	1544	7066	1812	3269	3356	54737	7334	1565	2475	3362	5999	7157	3358	
PF-06463922		7157	6098	2242	27436	238	4869	5925	
phenacemide		6334	6323	6329	6332	6331	6326	6335	6336	6328	11280	
phenazone		5743	5742	
phenazopyridine		6323	2539	
phenelzine		4129	1565	2572	10919	84706	6530	1544	4128	1557	6531	2875	18	8639	9367	1558	6532	1576	
phenindione		10919	79001	
phenoxybenzamine		152	216	10951	151	4780	1813	147	146	1565	148	150	1576	
phenprocoumon		2052	6810	5624	5465	1557	8529	79001	
phentolamine		152	151	1813	6517	147	146	1557	7298	3767	1565	148	150	250	
phenylbutyrate		7520	9759	55869	9734	596	83933	8841	79885	10014	3065	10013	51564	3066	6606	
phenylephrine		581	1813	4914	147	146	2247	5294	4842	1812	3308	154	3684	148	7450	
phenytoin		4780	6332	3106	4908	7200	5460	54600	1576	2052	6323	6326	1544	10	361	1557	2678	6513	1548	6329	1577	7366	1543	10877	54578	6335	6328	1565	6334	1588	1559	6331	7422	11280	6336	8856	7038	1555	4524	2554	
physostigmine		43	10919	590	216	
picotamide		6915	1576	
pilocarpine		1128	4914	5617	2353	4908	4363	1131	1129	4915	1132	1548	1133	627	1103	
pilsicainide		367	6331	
pimavanserin		3356	1813	
pimozide		10951	1813	9682	79915	3744	801	6256	1815	3757	1576	367	5467	6311	7066	1557	8911	1812	3269	3356	54737	7494	3417	1816	1565	387129	2475	1814	3350	5594	7157	3091	
pinacidil		6833	796	10060	3767	1576	
pindolol		3356	3350	3357	153	2717	154	
pioglitazone		9370	1559	7057	7040	6513	80036	2670	5789	2539	3308	8856	5468	1577	51738	1576	7525	
pipamperone		3356	1813	3350	3351	3352	3269	
pipecuronium		1135	1131	1129	
pipenzolate		1128	1565	
piperidolate		1128	1565	1576	
pipotiazine		3356	1812	1813	3350	
pipotiazine-palmitate		3356	1812	1813	3350	
piracetam		2891	2890	2892	2893	
pirarubicin		4297	3064	51426	2744	4363	2237	7398	7153	
pirenzepine		1128	1565	1131	1129	1132	1812	1133	10919	
piretanide		3028	6558	3091	6557	10919	367	
pirfenidone		3028	5603	5600	7124	1544	6300	7040	5045	1432	
piribedil		152	1813	1814	3350	1544	1557	3357	1815	1565	148	150	1576	
piroxicam		29994	5742	1559	9682	5743	1544	1557	2678	5320	1565	1576	
pitavastatin		10599	3156	3123	1244	
pivagabine		1394	1395	
pixantrone		7155	7153	
pizotifen		3358	3356	3350	
plerixafor		4297	57007	1233	4221	7852	729230	
podophyllotoxin		84790	10383	84617	10382	7280	1576	367	7277	51053	81027	347688	7155	7153	10376	10381	203068	7849	190	3480	347733	7846	113457	112714	7278	
ponatinib		5159	2261	25	11035	7525	7010	1956	2260	3791	3815	6714	613	5156	5290	2264	673	2263	2064	3932	4233	3845	8767	1024	8737	23097	10006	2322	27	5979	4067	
posaconazole		6608	1576	
pralatrexate		64146	5981	1719	
pralidoxime		43	590	
pralidoxime-chloride		43	590	
pramipexole		152	3356	151	1813	1814	3350	1816	3351	3358	3352	3357	1812	1815	150	
pranlukast		7124	57105	4790	3567	6037	4583	10800	
prasugrel		1559	4914	1577	1557	1555	375033	1576	64805	
pravastatin		1636	19	4547	3363	28234	8647	5243	4023	7099	3123	3553	1576	221458	9429	9177	9356	9376	11309	3558	1244	338	4313	348	4842	4314	387	3156	9510	581	1071	10599	3990	29881	4524	3949	
prazosin		152	151	3028	81033	90134	5599	147	146	9429	1576	4842	148	150	3757	367	
prednicarbate		4780	2908	301	367	5319	
prednisolone		4780	947	6898	2539	5243	5340	5925	367	1576	4306	3931	632	2908	1577	2215	4851	2214	3146	80339	581	7259	7038	29940	301	250	866	
prednisone		655	3028	3290	552859	5243	7450	1576	367	4155	5788	2908	1544	1557	4158	3458	7172	2625	1493	494514	2938	796	3689	348	2950	2944	1565	29102	55816	1559	6387	7038	7298	301	
pregnenolone		2101	4780	6820	
prilocaine		6334	6323	6329	6332	6331	6326	2539	6335	6336	6328	11280	
primidone		2891	6332	2565	80036	367	2557	6323	6326	2562	2566	1137	6329	2564	2560	1139	2898	6335	6328	2559	2561	6334	6331	2555	55879	2558	6336	2556	2563	11280	2567	2568	2554	
probenecid		4363	24145	9356	9376	53919	2539	5243	55867	367	
probucol		19	1066	3757	8647	
procainamide		64326	10	1786	6331	
procaine		116443	27094	27345	4129	3778	3780	6262	3781	6336	4128	3359	3782	6531	6261	1135	3783	3779	10242	
procaterol		5999	154	
prochlorperazine		10951	1813	9682	1815	1576	29994	51053	6311	1544	1557	255239	1812	3269	4170	3356	3558	54737	11069	3417	1565	10919	1559	1814	7157	
progesterone		5021	4780	23435	1356	347732	2099	1437	5858	412	5294	1645	6256	6898	25	5266	7170	5243	6097	1890	378807	367	7224	1576	216	5076	4306	355	2908	1544	7052	595	1557	6513	2670	5564	960	117144	4880	10535	940	1577	2047	3559	4831	5376	1586	1027	2215	5241	9607	5624	5291	1565	55775	1380	4986	1436	1559	5594	538	5627	6517	7157	354	9475	117155	1019	462	467	8856	1075	3084	5319	5728	
proglumetacin		5743	5742	5467	
proguanil		1719	64146	1557	6580	1576	
promazine		1128	1565	3356	1813	1814	3358	1544	147	146	1131	1129	1132	3091	1812	1815	1133	148	3269	
promethazine		1128	1565	10951	3064	10919	5617	6311	1544	1131	1129	1132	1812	1133	3269	1543	
propafenone		154	6331	2475	153	1812	3741	5243	1565	3757	1576	64326	
propantheline		1128	1544	1131	1129	1132	1565	
propentofylline		1544	5136	5999	
propiverine		1128	1133	
propofol		2565	2166	5243	54600	3757	2557	6326	2562	2566	4843	6329	2564	2560	2026	4842	2559	7442	2561	1559	2555	351	55879	2558	154	2556	2563	2567	2568	2554	
propranolol		627	632	1559	10919	1544	3316	1557	2670	153	2539	1490	155	154	5243	1565	116	1576	
propylthiouracil		2697	1559	3952	4353	5617	7157	1544	7124	1557	7173	5564	1733	1565	627	3123	3559	4650	
proquazone		5743	5742	
protriptyline		3028	6530	7066	4790	1812	1565	6532	
proxymetacaine		6331	6336	
prucalopride		3359	3360	
pyrazinamide		1559	4353	1544	7124	1557	2194	1565	1555	1576	
pyridoxine		4914	7124	8566	3240	1644	
pyrimethamine		52	3558	3073	1719	3417	55244	2950	6774	2348	367	8517	
pyrithione-zinc		3784	56479	9132	3785	
quercetin		554	3028	5585	641	5295	7150	5444	2859	7498	1812	5293	26275	1543	390245	8503	5583	581	5287	3091	5429	5578	995	23533	3297	79915	5294	3315	25	5584	30849	216	5579	1544	1557	5965	2584	5587	4791	29941	5590	9262	5423	4137	146850	5292	5288	5290	133688	247	54737	338	7153	2147	3055	1588	1559	2936	5595	3248	23683	947	2237	5582	1576	4155	7525	5296	5286	5970	5588	328	5586	4790	5291	1869	10919	5580	5581	5289	51426	246	11201	2551	25865	
quetiapine		1813	6530	3363	146	3352	2166	5144	1132	1268	440275	1133	1815	6532	1576	25970	2904	1544	147	1557	3359	4160	1812	1577	3269	150	3355	3356	151	1816	1131	1129	3357	693167	1565	148	152	1128	3362	5999	1814	3350	3351	3358	9135	3354	7957	1312	
quinapril		4609	1636	183	
quinestrol		51053	6311	2099	3417	2100	
quinidine		222962	57582	3753	3743	3775	3741	5243	3757	1576	1544	1557	27133	9424	3756	1551	1565	157855	1559	6331	83795	8645	
quinine		1565	3558	7068	222962	1551	5243	2539	2815	9312	3783	1576	64326	
rabeprazole		216	7421	3586	4137	7124	1557	496	247	3074	10919	3553	495	
raloxifene		10951	3028	7015	2796	2099	5743	5294	54576	2100	3553	1576	216	7421	4137	6311	1544	7066	1557	5290	7252	54658	23090	51738	3570	5327	1565	7157	3480	2852	3572	
raltitrexed		1027	6573	1719	2356	213	596	1017	7298	
ramatroban		4297	4221	4154	11251	6915	
ramelteon		4544	4543	
ramipril		1636	7040	1490	4313	
ranitidine		2157	1559	5741	1544	1557	796	2922	3274	5243	1565	3308	10919	1576	5319	
ranolazine		6329	6331	6335	6336	5243	1565	5340	1576	
rasagiline		4129	596	1813	
rebamipide		5594	2247	2357	
regadenoson		135	270	140	136	134	
regorafenib		1969	5159	25	2321	7525	7010	1956	2260	55294	3791	3815	5156	5290	324	2444	673	4914	2263	4921	2324	369	3845	7428	5894	5600	7422	5979	4893	
repaglinide		4760	5078	169026	6934	6833	3784	1576	10644	10060	3767	5468	1558	3758	8856	367	9722	
reserpine		10951	9682	2796	79915	5743	4023	5243	3757	1576	367	29994	51053	4137	7066	4057	6571	54737	4907	10919	6863	7442	8856	3082	7298	6570	
resorcinol		5742	760	771	759	23632	1576	
retinol		4780	6258	9227	2099	6256	6017	3576	5949	3757	367	216	112724	145226	5959	220	8854	6257	3949	5947	9249	57665	5328	51109	581	50700	5914	6010	7038	7182	10901	54884	
ribavirin		3704	101180976	3106	132	3107	3105	3576	6097	120227	6532	4312	7450	216	1956	7421	3615	285	282617	3606	4277	7432	1471	596	2030	3614	1594	22978	949	7157	5167	3569	8638	9153	3875	79068	3949	
ribociclib		673	1029	5241	2099	2064	595	896	1021	4851	1019	5290	5925	894	2100	4893	6597	
riboflavin		55312	672	3028	645	
rifampin		7124	28234	9750	5243	1576	367	1545	6579	1544	1557	4843	1577	2950	1565	1559	84871	10599	8856	23316	1558	1555	
rifamycin		10599	28234	6579	11309	
rifapentine		1559	1576	8856	1558	367	
rilmenidine		152	1565	150	1576	
rilpivirine		8856	6336	
riluzole		23435	6332	4864	54207	3783	3757	1576	7224	50801	6323	3780	6326	1544	23657	6329	9367	3782	6335	6328	3776	6334	6331	6336	11280	
rimexolone		4780	2908	2101	301	866	
riociguat		2983	2982	2977	2974	3000	
ripasudil		9475	6093	
risedronate		4982	10919	3553	2224	
risperidone		1813	3952	345222	4908	3363	7124	146	3352	2166	54576	1268	5243	440275	1815	6532	3757	1576	54600	11255	3064	2913	2904	25970	1545	147	1557	7082	2917	4160	1812	255239	2194	54658	51738	3269	150	54575	3355	1543	54659	8792	3356	151	54579	54578	1571	6347	1565	148	2895	152	4922	3362	5999	1814	3350	3351	3358	27068	9135	3354	7957	59340	8856	154	54657	1312	54577	207	
ritonavir		5243	7099	1576	7421	1544	1557	54658	1577	54659	282617	3627	345	4363	1244	1571	348	1551	1565	387129	2648	1559	8856	1558	1555	54577	
rivaroxaban		2159	5243	2153	
rivastigmine		43	1103	590	1139	
rizatriptan		3350	3351	3352	3354	3355	
rocuronium		6579	1129	3359	10599	5243	1135	
roflumilast		5144	5141	5142	5143	
romidepsin		1485	332	51564	79885	3065	10013	9734	4297	55869	8841	3066	4170	9759	2064	3845	1032	1026	83933	10014	
ropinirole		152	3356	151	1813	1814	3350	1816	3351	3358	3352	3357	1812	1565	1815	150	
ropivacaine		1727	6331	2539	6336	1576	
rosuvastatin		3156	2328	221458	9429	1244	27235	10599	28234	8647	1401	1577	3123	11309	
rotigotine		151	1813	1814	3350	1816	1812	1815	
rotundine		3350	1812	1813	1814	
roxithromycin		3558	942	2150	941	1576	6356	7498	154796	2862	
rufinamide		6334	10951	6323	6329	6332	6331	6326	2915	6335	6336	6328	11280	
rupatadine		5724	3269	
rutin		51426	174	5423	390245	7124	4791	5970	4790	8644	2548	1543	
ruxolitinib		5329	3717	3716	7428	7297	3575	4352	10019	64109	1441	1576	3718	
safinamide		4129	6334	6323	6329	6332	6331	781	6326	784	9254	785	6335	774	6328	11280	
salicylic-acid		5743	5742	9311	1645	
salmeterol		153	1577	367	154	
sapropterin		5053	4846	7054	7166	
saquinavir		6311	9420	3417	3569	8856	5243	7099	1576	
saroglitazar		5468	5465	
sarpogrelate		3357	3358	3356	51053	
sasapyrine		5743	5742	
scopolamine		1128	1131	1129	1132	6476	1133	
selegiline		4129	1559	4128	1557	6580	1565	1555	6869	1576	
seratrodast		6915	5467	
serotonin		3363	3352	1544	9177	3359	1812	3355	3356	3360	1816	206358	3357	7253	10919	2648	3362	3350	3351	3358	3354	3361	
sertraline		1636	1072	3105	5243	6532	1576	7905	6728	6311	1812	1312	1577	3417	10536	983	3350	7157	6531	3725	1555	2784	
setiptiline		3358	3356	3269	
sevoflurane		2743	2565	3736	54207	5243	1576	2557	154	2562	2741	2566	51305	2564	779	2560	2890	6261	2559	3776	2561	3777	513	2555	55879	2558	27032	2556	2563	338567	2567	2568	2554	
sildenafil		1636	10057	5149	5148	8654	5146	11309	10599	28234	4846	7422	1577	2784	1576	
silibinin		216	3320	3326	3028	51053	240	11309	10599	28234	2147	5243	10919	1576	
silodosin		148	147	146	
simeprevir		282617	101180976	1544	1557	10599	28234	5243	1558	1576	
simvastatin		4780	23435	19	3363	3976	5294	2628	2152	28234	3605	7170	5243	10002	54600	627	3123	367	1576	221458	1535	1544	9429	5444	1557	9177	54658	729230	1577	54659	11309	1056	5347	7057	3417	23463	1244	4313	3689	5360	348	7056	7364	1565	387	3156	3953	1559	22937	6262	1071	5465	3990	8856	116519	1558	
siponimod		53637	1901	1559	1903	8698	
sirolimus		5602	4780	6198	3586	2288	1649	54576	3683	3605	5728	5243	4763	5934	5925	367	4312	1644	1956	55294	2260	3600	6934	7052	9429	5292	2247	5290	5447	27436	324	1577	1493	4170	6794	3717	5241	3265	1634	2064	4842	1977	6009	3484	5562	3845	2475	201163	5328	581	3574	4986	7157	7248	2280	8856	7490	207	
sitagliptin		1803	139760	2740	
sivelestat		1990	1991	
SN-38		54576	590	79885	51564	3065	5243	9734	10013	54600	55869	7150	9429	8841	54658	54575	3066	54659	9759	4363	1244	54578	8824	1066	10599	83933	10014	54657	
sofalcone		7421	4780	873	51053	7398	641	3248	2648	
solifenacin-succinate		1128	1131	1129	1132	1133	
somatostatin		6751	4988	4985	6755	6752	6754	6753	
sonidegib		1956	5727	4613	51684	6608	
sorafenib		2248	5602	5603	5159	5243	2321	2260	79623	558	673	6790	4233	8289	1024	2322	57551	3091	3162	6565	11183	7124	25	5598	4763	54600	51053	3791	9212	5156	51776	3984	5596	5777	4914	4915	4846	4921	7428	1436	5594	7422	4916	5979	1555	5728	6198	1969	10733	50488	3815	5290	2872	28996	2064	6300	1244	3845	1559	5894	5595	10599	3654	5601	4067	207	816	2261	5597	1576	7525	1956	6732	5599	1432	9748	640	6580	369	2324	1558	8444	5600	23097	147746	4893	
sotalol		1559	1544	1557	1576	153	3753	154	1565	3757	367	
spiperone		4780	1813	3363	146	3352	1815	367	147	1557	1812	3356	1816	3357	1565	148	3362	1814	3350	3358	3091	
spironolactone		1636	773	1579	7124	1490	5243	367	775	8912	4306	9370	154	7068	781	2908	1544	1545	8913	8911	153	6462	118	1543	779	5241	778	782	785	776	4846	783	5468	1585	9420	784	9254	55799	8856	774	786	
stiripentol		2556	2567	
sulfanilamide		1559	1557	1571	2539	1565	1576	
sulfaphenazole		3028	1559	1544	1557	4790	1725	1565	1576	
sulfasalazine		9308	5742	3106	5743	2539	1576	3248	1719	4137	1544	240	23657	9429	6916	1147	3551	113235	4791	4907	5468	1565	1559	1890	38	3091	7298	494514	4524	5319	
sulfinpyrazone		216	7421	116085	2357	390245	4363	1244	8856	54600	10919	1576	3248	
sulindac		4609	6863	2328	5742	1559	1544	390245	5743	1557	5290	6256	8797	231	332	324	1565	10919	1576	
sumatriptan		3356	3362	1621	1813	3350	3351	3363	361	3352	3354	2641	3361	3357	4988	1312	627	2784	3355	
sunitinib		9970	768	2130	5159	8242	28234	3576	7424	80310	5243	2321	5782	1576	56034	7525	1956	2260	3791	3815	5155	9429	5156	5787	5447	5154	1577	2263	55193	2064	4846	2324	4288	3845	8314	7428	1436	3596	2322	7422	3091	3162	8856	5979	
suramin		10951	3028	1649	2744	2237	23411	5024	23408	890	10855	4297	7421	2492	7398	5290	4158	5320	3458	5965	328	54737	5028	4914	5300	5032	5291	5029	6261	2147	2346	9099	10919	6692	51426	5031	55775	6768	6262	53829	23410	
tacrine		1544	246	590	43	1565	1576	
tacrolimus		11132	3586	64127	3290	54576	2875	7099	1576	367	2328	6934	9429	5530	6696	5447	3784	1493	387082	50943	3606	1244	1573	1551	1565	6361	200186	3562	5465	2280	221785	8856	3767	54657	1558	
tadalafil		5141	8654	1577	50940	
talazoparib		1956	5710	472	3417	2064	10038	675	142	91607	672	5728	
talinolol		5243	153	1244	
talipexole		3359	150	1813	10919	
tamibarotene		5916	5371	5915	5914	
tamoxifen		94025	10951	8202	9682	4654	2099	1555	3316	5582	144455	5338	5584	5243	890	4763	2100	1576	5579	29994	2328	7421	2597	632	1719	51053	6311	1544	7052	595	2678	5290	23090	7033	3074	5588	8648	5241	4914	2326	3417	1906	2064	1244	6790	10682	5337	2147	1565	2153	10919	80781	5580	5581	1588	1559	7157	83938	1071	2852	7040	354	22800	5578	5304	8856	7298	5590	672	3084	
tamsulosin		147	146	1577	1565	148	1576	
tasimelteon		4544	4543	
tazarotene		5916	4780	5371	5914	7161	596	5915	6257	
telaprevir		282617	101180976	5241	1990	1591	5476	1576	
telithromycin		1544	367	1551	1565	1577	3757	1576	
telmisartan		4780	3028	185	7398	5468	387129	10919	2784	
telotristat		121278	7166	
temozolomide		4609	5617	1437	675	5243	1956	545	472	9759	3417	4851	91607	3014	546	7157	10735	2956	4255	672	5728	
temsirolimus		1956	673	55294	7428	2064	2280	5290	5728	4771	1499	5243	8856	3845	2475	207	
teneligliptin		91039	1803	54878	
teniposide		7155	10762	355	4363	596	7153	5243	92815	
tenoxicam		29994	5742	1559	9682	5743	
tepoxalin		240	3565	
terazosin		3064	1559	1544	147	146	1557	1577	1565	148	1576	
terbinafine		6713	1565	3105	8856	
terguride		152	3356	151	1813	1814	3350	3351	3358	3352	3357	1815	148	150	
teriflunomide		1723	3156	
terlipressin		553	554	552	
tetrabenazine		5243	1565	6570	6571	
tetracaine		6334	6323	6329	6332	6331	6326	2539	6335	6336	6328	11280	
thalidomide		1642	3106	7124	5743	2952	3082	2067	7450	6555	5467	1544	10	1557	2247	7520	1580	1493	6137	2215	27233	2149	3570	6687	2263	606500	368	3689	4790	51185	8451	2214	538	9978	1499	9469	
thiamine		80704	27010	10560	
thiamylal		3767	2567	3764	2554	
thiethylperazine		1128	3356	1813	3358	1131	1129	1132	1812	1133	1815	3269	
thiocolchicoside		2743	2741	2566	2554	2561	
thioctic-acid		43	5743	
thioguanine		4609	4780	655	9682	552859	7170	367	3615	10257	9615	7172	2625	55270	3043	3417	5631	43	3614	8836	10919	55816	22978	7849	9	4255	3248	
thiomersal		4088	3028	9682	2237	6256	367	5019	216	4923	9971	3064	54106	7421	51053	6311	247	3320	5347	3417	5594	7157	246	839	3248	
thiopental		2891	2557	2555	2558	2166	1139	2898	1137	2556	2559	2554	
thioproperazine		3356	1813	3350	147	1812	148	
thiotepa		216	7421	51053	367	2950	1555	10919	1576	3248	
thiothixene		3356	1813	6311	3417	1812	3269	
tiagabine		18	6529	
tianeptine		4988	4986	4985	
tiapride		6336	1813	1814	
tibolone		2099	4780	367	
ticagrelor		1576	1557	10599	2030	7364	64816	375033	64805	
ticlopidine		1559	3106	3107	5724	1544	3105	1557	3119	1565	1555	3123	1576	64805	
tiludronate		3553	523	5770	4313	
timolol		1565	153	154	
tiotropium		1128	1131	1129	154	1565	
tiratricol		4780	7068	1559	7067	3091	
tirofiban		2243	2266	3690	2244	3674	
tivozanib		673	3791	3815	5159	2064	5156	2324	2321	7525	
tizanidine		152	151	11188	150	367	
tocainide		64326	6331	
toceranib		3791	5159	5156	2322	2321	
tofacitinib		3717	3716	5777	6776	5585	7297	6777	3718	7525	
tofisopam		1576	367	
tofogliflozin		6527	6523	2645	6524	
tolazamide		3766	9682	6833	2539	3767	3758	10919	
tolazoline		152	150	151	1813	3274	148	3269	
tolbutamide		3764	1559	6833	1557	2539	10060	3767	3758	
tolmetin		5743	5742	4353	
toloxatone		4129	4128	
tolperisone		1565	11280	1557	
tolterodine		1128	1565	1559	1544	1131	1557	1129	1132	1133	1576	
tolvaptan		554	552	367	
topiramate		2891	6332	2900	2565	2897	2557	6323	6326	2562	361	1557	2566	6329	2901	2564	2560	3643	2890	760	759	2898	6335	2893	6328	2559	2561	6334	762	2555	6331	771	2558	55879	2892	2899	766	8856	6336	2556	2563	11280	2567	2568	2554	
topotecan		94025	8528	116447	546	7157	7150	9429	5290	5728	238	7298	5243	627	5925	207	
torasemide		1636	1559	1544	100379251	1557	6559	6557	1565	2784	1576	118	
toremifene		5241	941	2099	1545	7040	2100	1576	
trametinib		23152	2261	25	2539	4763	5925	1956	5605	2767	2260	5607	5608	5606	3815	6714	55510	5290	6416	2115	5609	5921	673	472	6794	1029	3265	342371	2263	2776	4233	5604	369	3845	1848	5583	7428	5894	7157	2118	2065	2119	10735	1499	4893	
trandolapril		1636	1066	5789	
tranilast		79915	412	27306	7157	410	4864	5315	54658	9367	3269	3248	
tranylcypromine		4129	4128	23028	
trapidil		2261	1544	5156	
trazodone		150	3356	6532	3028	3350	6530	3358	147	1577	3357	1812	148	3269	2648	
trepibutone		1128	1132	1131	1129	
treprostinil		5467	5734	5729	5739	5732	5468	5731	5733	64805	
tretinoin		5916	5918	4780	3586	6258	2521	6256	54880	5915	332	3576	3312	6097	4613	4869	216	7421	5371	5467	7398	8854	6257	1577	1027	596	5029	10919	9052	2648	190	1559	5914	4087	6096	2322	3091	7182	7101	
triamcinolone		4780	2539	590	113263	4023	1576	4312	367	2908	1544	1557	2247	6513	1394	4790	348	285834	1565	1559	7040	909	301	866	
triamcinolone-acetonide		2908	866	
triamterene		4780	3717	3028	5467	6339	7068	6340	2099	1544	3417	7157	7054	6337	3315	3091	2548	367	6338	
trichlormethiazide		5742	762	3778	5743	760	759	6559	6557	
triclabendazole		3320	51053	2740	3417	4137	1786	387129	
triclosan		3320	4780	4088	6256	1786	367	3248	
trifluoperazine		816	10951	1813	2740	1437	5893	801	50632	1815	1576	6311	1544	7066	1557	7398	1812	3269	3356	3988	7134	6275	338	1565	148	10919	5999	5594	3358	7157	7957	207	
triflupromazine		1128	1813	7157	1544	1129	3357	1812	1565	
trifluridine		7157	2030	2064	7298	
triflusal		5742	3028	4843	10846	4790	
trihexyphenidyl		1128	1312	155	
trimebutine		4988	4986	4985	
trimetazidine		1544	10449	
trimethadione		8913	8912	8911	1576	
trimethoprim		1565	10951	1719	1559	4353	1544	1557	2539	7298	2944	1558	1576	
trimethoquinol		155	154	
trimipramine		10951	1559	6530	1557	6531	1812	1565	6532	
triprolidine		3269	10919	
triptorelin		412	2798	
tropicamide		1132	1131	
tropisetron		3558	3360	2743	2741	2742	3359	3725	6580	1565	1576	
trospium		1128	1133	
tryptophan		29994	883	846	6582	206358	10352	3620	10919	124274	
tubocurarine		3780	353174	3781	9177	3359	3782	43	1135	
ubenimex		6051	4048	
ufenamate		5743	5742	
umeclidinium		1128	1565	1131	1129	1132	1133	
urapidil		1559	3350	1557	7253	10919	
urea		1508	3172	760	366	6197	7066	7486	3315	1499	383	3308	3146	
ursodiol		2908	9971	151306	1646	
valethamate		1128	1133	1132	
valproic-acid		6332	18	3065	9734	7915	6323	55800	36	6326	6330	6329	6327	3066	6324	4967	6335	6328	6334	6331	6336	11280	
valrubicin		7155	7153	367	
valsartan		10599	185	
vandetanib		2045	1969	5753	5159	120892	2042	2534	7301	25	285220	2043	2321	2050	7525	2051	1956	7010	3064	2260	5605	51053	3791	9212	6714	2046	5156	695	324	4058	2047	1432	558	2066	472	3417	2048	2064	2044	3932	238	5604	2324	2049	3845	2475	9448	284656	90	2065	7422	9475	5979	2041	11183	5728	
vardenafil		5149	1577	8654	5148	
varenicline		1143	1141	8973	1139	123688	1137	1548	1136	
vasopressin		554	1636	5021	816	5587	1432	5054	1843	3315	552	7060	1869	4880	553	627	6869	1576	
vecuronium		5243	1135	
vemurafenib		23152	5728	5243	4763	1576	7525	1956	5605	5296	1544	5290	4286	10000	6663	80243	673	10734	1029	3265	342371	4233	5604	3845	5879	1436	5894	7157	10735	4893	207	
venetoclax		3418	673	3417	7157	2322	596	598	599	25	5290	5728	3492	4869	3845	4170	
venlafaxine		627	3356	6530	3351	55879	1577	2289	2892	121278	5243	1565	1312	6532	2559	2568	
verapamil		4609	773	219931	2868	222962	3744	53373	5789	3576	3743	5243	30820	130271	6532	3757	1576	3553	3779	775	8913	8911	774	3762	3559	779	778	782	10062	4363	785	776	783	2950	259232	5328	581	6331	3739	6517	784	7040	7298	3767	3308	786	9722	3949	
vernakalant		1565	3741	
vesnarinone		7057	355	7157	4907	5139	3757	1576	
vidarabine		136	100	51053	
vigabatrin		140679	18	2550	
vilazodone		6532	1813	3360	3350	1814	3269	1576	
vildagliptin		1803	2740	
vinblastine		84790	1437	10383	7200	84617	5243	4763	10382	7280	1576	7277	51175	51053	81027	7283	1081	347688	4313	51174	10376	2944	6915	10381	203068	1026	5744	347733	7846	354	3725	8856	113457	112714	7278	5244	
vinburnine		1128	51053	1131	1129	1132	367	
vincristine		4088	655	1356	84790	4908	10383	5294	822	552859	25	4613	84617	5243	10382	627	7280	367	7277	7450	174	51053	89845	81027	8714	613	2247	5290	2625	1577	347688	1027	10928	2938	4363	1244	596	7153	7278	10376	10381	203068	55816	29102	6717	546	6387	55722	347733	7846	4953	8856	7298	71	113457	112714	3084	5244	80339	
vindesine		5243	81027	203068	1576	
vinorelbine		84790	6240	10383	675	84617	10382	7515	840	7280	7277	81027	324	347688	7275	2064	10376	10381	203068	581	347733	7846	112714	113457	672	7278	6597	
vinpocetine		5136	1812	10919	3757	5137	
vismodegib		5727	6469	6608	
vorapaxar		2149	9002	2151	
voriconazole		5742	1559	1555	9429	1557	5970	5243	1565	1577	1576	
vorinostat		4609	1636	4780	84790	10383	2146	332	79885	51564	3065	10013	9734	4869	5925	7280	7277	10382	84617	2767	55294	55869	51053	81027	1080	8841	3066	347688	673	9759	1108	10376	10381	203068	8314	7849	6598	190	7157	347733	7846	83933	10014	113457	4615	112714	7278	5728	
vortioxetine		3356	3362	3350	3351	3358	3363	3359	3361	1565	6532	
warfarin		9970	154807	5243	57834	112755	7450	1576	7421	632	4734	1544	1557	54658	79001	444	1728	1577	1543	6810	1788	5624	338	348	7056	1551	2621	1559	80821	3172	5627	339105	7157	2356	213	2626	4524	
xylazine		152	151	150	
xylometazoline		152	151	147	146	1565	148	150	
yohimbine		3764	1813	3363	3352	3772	3758	3770	3766	1812	150	3355	3356	151	3357	1565	10919	152	1814	3350	3351	3358	3768	3354	3361	3767	
zafirlukast		29994	7421	4780	1559	51053	5423	5594	1544	57105	1557	7398	2053	5468	1565	10800	367	2648	
zidovudine		7012	7015	3586	64078	5617	7083	5243	1841	1576	4830	1544	9429	1557	9356	9376	5447	10257	10864	1548	55867	4831	10057	3627	4363	1571	7364	1565	1559	55556	2322	9154	1555	
zileuton		1559	240	1557	4321	4313	1565	9692	1576	
ziprasidone		1813	3363	3352	1132	440275	1133	1815	6532	367	147	3359	153	4160	1812	1577	3269	150	3356	151	1816	1131	1129	1139	148	10919	152	1128	3362	5999	1814	3350	3351	3358	3354	
zoledronic-acid		9453	2224	
zolmitriptan		3360	3350	3351	3352	3354	3355	
zonisamide		6332	768	4128	3105	23632	11238	1576	4129	8912	6323	55800	6326	361	8913	8911	6330	6329	6327	761	6324	760	770	759	377677	6335	763	6328	6334	56934	762	6331	765	771	767	766	6336	11280	
zotarolimus		2280	2475	
zotepine		3356	151	3362	1813	6532	1814	3350	3351	3358	3363	6530	3352	3354	1815	3269	
zuclopenthixol		3356	1813	1816	3269	1544	1812	1565	148	150	
