(R)-(-)-apomorphine		3350	50632	150	152	1813	3351	3352	1816	3356	3358	1812	151	3361	3357	1815	1814	
17-hydroxyprogesterone-caproate		367	9971	8856	5241	2099	2908	2100	
5-fluorouracil		407018	63970	1728	5444	84618	1571	7372	8549	153339	581	81029	9429	7517	1576	1890	79623	9231	2356	2064	3043	4089	1806	1807	8490	673	627	1558	7157	332	2264	9619	26354	3845	5296	6573	8812	9978	3570	2067	5528	4583	3559	7153	4846	868	3161	2950	7518	7252	355	85413	22943	5290	214	10257	9156	7298	85320	3683	3135	1841	324	3486	1244	117583	3309	874	218	1557	55556	6470	5243	3831	873	1956	1588	3589	6790	1869	3667	10057	5980	7178	4842	1548	7422	995	4602	10599	2778	3643	5728	4524	1026	1124	6401	7515	472	64065	2308	5788	1545	84465	4233	595	
5-hydroxytryptophan		206358	5999	4137	216	153201	10919	
abamectin		367	5467	6256	2550	9568	
abemaciclib		6597	1029	7157	4893	5241	1021	2064	2099	1019	894	595	896	2100	3845	
abiraterone		29940	5728	367	1584	1586	7259	
acalabrutinib		2066	6714	3718	695	660	640	7006	4067	3702	3932	2064	7294	2534	1956	
acamprosate		2562	2563	2565	2568	2558	55879	2555	2904	116443	2554	2903	116444	2556	2557	2561	2566	2564	2560	2902	2567	2906	2915	2559	2905	
acarbose		2548	4023	8972	6517	6476	23269	279	
acebutolol		153	7038	
aceclidine		1128	1133	1131	1129	1132	
aceclofenac		5743	1559	
acemetacin		5742	5743	
acenocoumarol		348	8529	2677	813	79001	5243	
acepromazine		3356	147	1813	1812	1544	1565	3350	148	
acetazolamide		361	4842	3106	23632	760	759	771	761	4321	766	762	4313	358	
acetohexamide		3767	6833	3766	3758	
acetophenazine		367	1812	1813	
acetylcholine		43	1128	1133	1131	1135	1636	1129	1132	
acetylcysteine		95	2937	4914	3014	6517	3579	3949	4493	1147	5970	653509	3164	48	7450	2904	116443	2903	23657	6531	390245	2902	3551	3480	2906	54472	1869	
acitretin		5915	5914	3553	51053	2648	11069	5947	6258	4137	9682	6256	6774	7398	5916	7421	5347	6257	
aclarubicin		6606	7153	7155	7150	1437	
aclidinium		1128	1133	1131	1129	1132	
acriflavine		10411	5429	3064	5347	2237	11069	3091	7486	11201	328	51426	29127	672	641	7421	3417	4780	
ACT-132577		1909	1910	
acyclovir		5965	6564	4860	1791	25	3586	
adapalene		5915	5914	6258	6256	7398	5916	6257	
adenosine		140	60482	64078	135	136	134	9153	55361	9154	54795	55300	
adiphenine		1134	1544	1565	
afatinib		2066	3084	27436	4893	3845	2064	2065	4233	673	1956	
agomelatine		4543	3356	3358	4544	3357	5243	
albendazole		1573	3315	51053	79915	7846	10383	1544	203068	
albuterol		1395	9575	169044	154	2740	1843	
alclofenac		5742	367	
alclometasone-dipropionate		866	2908	1576	
alcuronium		1139	1128	1131	1129	1132	
alectinib		238	1029	27436	4869	2260	4089	4233	5979	
alendronate		2224	5802	5328	523	3589	5791	5775	5788	7421	4598	1588	
alfacalcidol		1594	7421	
alfuzosin		11280	6326	146	6336	6323	6328	6335	2548	6329	6331	147	3028	6332	6334	10919	148	
allopurinol		54579	54575	54659	23040	54577	4855	28951	64388	100130889	54658	54600	22854	54578	1557	316	170679	9429	1576	54657	5311	360158	54576	7498	1559	1544	1565	128553	79718	5460	
allylestrenol		6536	5241	2099	
almotriptan		3351	3352	
alpelisib		7157	23533	5295	1019	207	8503	30849	2100	3845	5296	5728	2099	2261	2260	5294	5604	5288	5293	2263	2475	146850	4893	6446	5289	5925	2064	5286	5287	3265	5290	5297	5291	673	
alprenolol		153	154	
alprostadil		6915	1565	5732	347732	1559	1576	378807	117144	117155	5739	5731	1544	5729	1557	5734	
altrenogest		5241	367	
alvimopan		4986	4985	4988	
amantadine		2906	1813	2904	116443	6580	2903	2905	
ambrisentan		1557	1909	1910	
ambroxol		2629	1576	
amcinonide		301	367	387129	51053	2908	3091	3417	
amezinium		152	154	
amfenac		5742	5743	
amifostine		251	7040	4087	5167	2936	4609	
amiloride		41	6548	6338	6553	6340	6337	10919	1579	5328	9033	26	9311	3028	57113	40	5311	51393	6339	3762	
aminocaproic-acid		5340	4018	5327	
aminoglutethimide		7038	2678	1545	7033	1583	2796	1588	
aminophylline		5140	140	5142	135	5139	8654	136	3066	134	5144	5141	5143	
aminosalicylate		5742	5743	30814	240	1147	
amiodarone		51053	796	6331	153	9722	10951	148	1573	3757	653509	7038	9254	1557	3753	5243	1576	3743	2475	1577	6713	1559	1544	1565	8912	
amisulpride		56899	4160	9135	25970	1813	3358	1814	5243	3350	
amitraz		150	148	4780	
amitriptyline		1133	1131	4914	3785	6532	3736	153	1565	148	100	4985	5319	1128	150	3356	3352	3269	6530	3752	5617	5243	3274	4986	3458	3362	3351	10280	147	154	1576	1132	3751	4915	4988	3350	3786	146	1559	155	3358	1129	59340	3363	1544	1812	
amlexanox		4864	9367	3562	5142	367	2548	29110	2246	9641	6283	5144	3320	5141	5315	5143	6284	1956	4780	
amlodipine		778	183	4878	774	783	779	1636	1576	781	786	1577	775	776	
ammonium-glycyrrhizinate		28234	10599	3291	3290	
amodiaquine		1558	1543	2539	3176	1545	
amoxapine		2562	7157	1133	1131	6532	2563	2565	1565	1814	148	2568	2558	7066	55879	1128	3757	2555	150	152	3356	3359	3269	1816	6530	151	2554	3357	7421	2556	2557	3362	2561	3351	147	1813	2566	1132	6531	1815	3350	2564	2560	146	3064	2567	3358	1129	1812	2559	59340	3363	9	
amoxicillin		5429	9356	3119	3127	3123	3106	8856	51426	6565	1557	3107	3586	2952	1576	3122	1559	1544	1565	3105	6564	
amperozide		2166	1812	3356	1576	
ampiroxicam		5742	367	5743	
amrinone		10919	5140	5139	246	3028	4137	11201	7124	7068	1557	7421	5142	1576	7398	390245	3091	216	1544	5347	
amrubicin		7153	7155	
amsacrine		7153	3757	7155	79915	1559	690	1576	3028	1812	1544	1565	1557	2475	10951	10919	6311	
amtolmetin-guacil		5742	5743	
anastrozole		58508	3481	8600	81027	5241	4982	2064	2099	54657	1545	5243	2100	9448	1588	
anisindione		6606	2147	7157	6607	2638	2677	
antazoline		3269	1565	
apixaban		1577	9429	2159	
apraclonidine		150	151	148	152	
apremilast		5142	1021	1019	5144	5141	5143	
aprepitant		6869	7364	6697	
aprindine		6331	801	
arbidol		10919	1576	
argatroban		2149	2147	
aripiprazole		4160	1133	1131	1814	148	1268	3354	319100	1128	150	9135	152	3356	3352	3269	1816	3359	151	5243	3362	3351	147	1813	1132	1815	3350	2166	25970	3358	1129	1812	3363	1565	255239	
arsenic-trioxide		7296	3551	3725	5595	207	5594	595	
artemether		1555	1548	1576	476	1577	
artemisinin		487	1555	1548	8856	1576	23435	216	
ascorbic-acid		9962	9963	
asenapine		1814	148	3354	150	3356	152	3352	3269	151	3357	3274	3362	3351	1813	1815	3350	3358	1812	3361	3363	
aspirin		10873	1909	5335	4791	5565	3119	7248	9311	5564	51422	1636	3690	9278	54578	2247	10	10463	1576	134	4056	51206	3576	2670	5739	9	3116	1565	7157	4914	161835	5563	5742	3084	27159	2149	3565	4846	4792	8704	6915	7098	355	5571	2638	1544	5290	3673	7040	2811	3674	5321	3123	5562	3082	80781	5743	3309	4170	3162	1649	8792	7067	6197	136227	1559	3115	174	3553	6539	5468	4790	23177	2207	5028	183	5732	1645	2162	375033	6892	5733	5741	6916	3176	8660	3551	8529	3156	53632	
ataluren		1080	367	1756	
atenolol-(+/-)		30814	153	4057	154	
atomoxetine		2902	7253	1565	2906	6530	6532	2904	116443	6531	2903	2905	116444	
atorvastatin		9177	1558	3990	4842	5447	54659	221458	3329	10599	5444	3949	632	3123	348	19	27235	7364	54658	29116	28234	1636	8856	3684	1244	5294	3953	6646	2247	1557	7124	3559	5243	624	5602	2224	1581	7052	185	9429	6262	1576	5467	196	1577	3627	1071	338	1803	11309	116519	5327	7035	355	64241	959	949	1559	3156	3363	4547	1565	22937	
atosiban		553	552	5021	554	
atropine		367	2980	1128	1133	1131	150	1129	2149	1132	1577	3627	1588	
auranofin		25824	8989	3551	
avatrombopag		2147	4352	5627	2153	1559	462	5624	
axitinib		1435	2324	54658	7428	5156	3791	2321	10733	3815	7525	5155	5159	1577	25	3091	
azacitidine		6876	7157	51053	54790	2908	7298	7066	5328	3976	2624	7038	79915	171023	919	4609	1788	1786	367	54802	2678	2950	4255	4780	3064	978	2322	3043	3589	6097	4088	216	25	174	3417	
azaperone		1814	1813	
azasetron		9177	3359	
azathioprine		7157	5471	79068	55270	10257	7298	3123	3117	65992	79915	1557	316	3251	3614	5741	1576	7172	2944	494514	4780	7252	3704	1559	3043	1544	1565	3417	
azelaic-acid		6718	7299	6716	
azelnidipine		51053	775	367	
azilsartan		186	185	
azilsartan-medoxomil		186	185	
azithromycin		7498	4842	2862	4363	7035	1559	1576	1544	1565	1557	
azosemide		6558	4780	6557	
bacitracin		3416	4057	5617	
baclofen		115207	4780	7252	57528	4842	386617	6863	2641	2550	4790	9568	2353	627	
balsalazide		5742	5743	240	5468	
bambuterol		590	154	
baricitinib		3717	3718	2185	22848	2580	7297	3716	55589	
bazedoxifene		3570	2100	3572	2099	
beclomethasone		866	301	367	1559	1576	3558	1544	1565	1557	2908	3091	4780	
belinostat		10014	8841	3065	51564	54658	9759	3066	4297	55294	9734	83933	55869	10013	79885	
benazepril		5547	183	4524	1636	154	4548	1585	
bendazac		5742	5743	
bendroflumethiazide		6559	6557	
benidipine		8913	775	
benperidol		1815	1813	1565	
benserazide		5999	1644	10951	7421	10919	
benzbromarone		5468	4363	51053	11069	1559	3248	1244	3028	5423	1544	7398	9612	3091	7421	5347	
benzethonium		7398	6336	1565	
benzocaine		1544	6336	
benzoic-acid		25824	1610	9367	
benzthiazide		29994	6559	760	1576	
benztropine-mesylate		3269	6531	1128	
bepridil		9132	1565	6331	801	3417	7134	773	476	3784	5243	10919	
betahistine		3269	11255	
betamethasone		43	301	367	4780	3481	2908	5617	5734	3163	
betaxolol		153	154	
bethanechol		1128	1133	1131	1129	1132	
betrixaban		2159	3757	
bexarotene		10062	5468	8856	2648	6258	6256	5599	7398	641	6257	
bezafibrate		5465	5467	5468	
bicalutamide		1555	367	354	10468	999	8085	8837	581	
bicyclol		3315	3303	
bifemelane		4129	4128	1544	1576	
bimatoprost		5733	5737	8644	5731	
binimetinib		5728	54658	5605	4893	324	5609	6416	3265	472	5608	5607	2776	2767	5606	5604	673	3845	4763	
biperiden		1128	1133	1131	1135	3269	1129	1132	
bisoprolol		153	91703	
blonanserin		3356	1813	
boceprevir		8722	7421	1513	1215	1514	5476	1520	1576	9153	282617	1577	101180976	5243	
bortezomib		2147	5695	9491	4791	5718	9861	280644	5970	3308	5709	5682	581	367	1514	5720	122706	5645	338091	2161	5925	5691	5340	5711	627	10197	7157	5698	3845	331	2624	5699	5701	5644	5719	5689	5715	11047	5696	5693	9622	5327	5290	5716	5688	5708	5700	653247	1493	5706	5687	23198	823	5694	5685	29893	1649	599	5705	266971	5366	10213	596	170541	5704	1869	5713	5684	5707	5683	4790	151645	5721	1508	5714	2261	5717	5692	143471	4851	338099	5690	3316	4780	54035	5686	7979	2322	5702	5710	595	5646	
bosentan		10599	8856	1909	1910	
bosutinib		11183	25	23235	8428	613	1017	57118	5605	818	150094	10188	5604	6789	4067	23387	10746	1956	6714	6793	3055	7294	2534	2444	
bremelanotide		4157	4160	4161	4159	4158	4306	
bretylium		153	476	
brexpiprazole		3356	1813	3363	1565	3350	
brigatinib		238	3480	3643	6098	1956	
brimonidine		150	152	3248	5999	216	151	390245	7421	10919	
brinzolamide		23632	760	759	771	763	766	762	
bromocriptine		2668	1814	10919	148	150	152	3356	3352	1816	151	3357	5243	7421	4609	3952	367	3362	3351	147	1813	3558	6295	1815	2353	3350	4780	146	3358	4852	1812	3363	1544	
bromperidol		5243	1576	1813	1565	
bucladesine		1565	5566	
buclizine		3269	1128	
budesonide		113263	1394	8856	5241	1559	1576	1906	1544	1565	1557	2908	4306	
budipine		4129	2902	
buflomedil		10919	148	1565	
bumetanide		2784	2859	6560	6558	1636	118	100379251	3028	57468	5594	6557	1080	390245	6559	4780	
bunazosin		146	148	
bupivacaine		3084	6336	3976	6329	6331	3312	3736	7124	2251	4654	3741	590	
bupranolol		153	154	155	
bupropion		1621	1548	1636	1312	2587	1813	6530	2035	2289	3356	6532	6571	6531	1812	22908	5617	255239	
buspirone		1813	216	1577	5617	3350	10919	4780	
butalbital		2891	2562	2563	2565	2898	2568	2558	55879	1137	2555	2554	1139	2556	2557	2561	2566	2564	2560	2567	2559	
cabazitaxel		347688	7278	7280	84790	7846	10376	10381	347733	3481	112714	7277	10383	10382	7275	203068	81027	1576	113457	84617	
cabergoline		153	1814	148	150	152	3356	3352	1816	151	3357	3351	147	154	1813	1815	3350	146	3358	1812	3363	
cabozantinib		7010	3082	3845	3791	2322	3265	3815	5979	4233	7525	2767	8837	25	5290	6098	1956	
caffeine		816	135	1548	2911	4842	5591	4650	4968	5731	5152	1565	7220	5140	5139	5151	3708	6261	6469	5138	8622	6263	2247	1557	5141	5143	3559	7421	5136	3709	367	5142	5293	8654	6262	1576	10846	134	472	5146	50940	27115	5137	5145	140	3710	9170	136	5158	5150	1559	2670	7150	5153	5144	1544	5290	5291	
calcitriol		5251	367	5328	51053	7038	690	9518	3558	7421	1591	4609	
canagliflozin		6524	6523	
candesartan		10888	185	1636	84444	442038	10019	55111	3777	1585	
capecitabine		108	407018	7157	7422	100302267	9156	7298	3845	5728	3135	11320	4524	1066	2067	5743	7372	1543	55556	6401	5243	9429	5980	1890	494514	51716	1588	9231	978	2064	999	4233	1806	5290	374	10864	673	
capsaicin		4907	4908	3976	10535	2057	1576	2670	7442	216	1544	1080	4780	5243	6447	5111	627	
captopril		2796	4048	1803	5054	185	1636	59272	4843	4321	4650	6750	5294	4318	4313	10919	1588	
caramiphen		1129	1128	
carazolol		153	154	155	
carbachol		1128	1133	1131	1135	1129	1132	5029	
carbamazepine		11280	6326	1558	1548	3172	6331	3303	3119	6332	2908	632	3123	1555	2052	3106	4524	8856	1244	4049	1543	7124	1557	2554	5617	367	6336	6328	6335	6329	1576	2678	3305	1577	7917	6334	7133	6323	7916	8325	9970	1559	10928	1544	1565	3105	7364	5460	
carbendazim		4780	203068	7157	
carbenoxolone		375519	2701	84694	56666	2703	10804	219770	81025	127534	3290	57369	2706	2700	100126572	57165	2709	2697	116337	2707	10052	2705	24145	2702	349149	125111	
carbetapentane		1129	10919	1565	
carbetocin		5021	552	
carbidopa		4524	3248	3028	9682	4137	216	1644	390245	10919	
carbimazole		3106	1559	1544	1557	7173	3123	
carbinoxamine		3269	1128	
carfilzomib		5711	10197	5716	5695	9491	5707	5698	5683	5718	9861	280644	5688	5700	5708	151645	5721	653247	5706	5714	5717	5699	5687	5701	23198	5709	5719	5692	5682	143471	5689	5694	367	5685	29893	5715	5705	266971	5690	11047	5720	338099	5696	5693	4780	10213	122706	338091	5686	54035	7979	170541	5702	5710	5704	5691	5713	5684	
cariprazine		1814	1813	1565	
carmofur		7298	1576	
carmustine		5328	1559	1576	2539	216	2936	1544	1565	1557	1869	4255	
carteolol		153	154	155	
carvedilol		4842	153	29994	148	54658	5243	581	3952	6262	154	147	2697	2936	390245	7498	155	1812	1544	1565	
cefadroxil		9376	8856	290	9356	1244	6565	6564	
cefazolin		9682	10919	5444	
cefdinir		52	7341	4353	9682	58190	
cefradine		8714	8856	1576	1244	10257	
celecoxib		9132	5468	774	56479	7422	3785	239	489	842	488	836	51738	632	487	5742	5328	9536	9564	1026	324	80781	5743	785	3486	9254	784	3308	5170	8913	782	778	367	768	779	1649	1027	771	1576	1906	781	773	3784	1577	776	775	777	8911	93589	3786	4780	5734	5163	783	8912	1559	55799	149233	6097	1499	6774	4318	25	5290	
celiprolol		150	153	5243	154	
ceritinib		6714	3643	238	3480	27436	2322	1576	4869	6098	5604	83942	5243	
cetirizine		7010	3269	23430	1437	3559	
cetrorelix		5054	2798	3329	3973	
cevimeline		1128	1131	1129	1132	1565	
chenodeoxycholic-acid		9971	3290	
chidamide		83933	8841	3065	3066	
chloramphenicol		3146	1604	1576	216	1557	
chloroprocaine		6336	3359	1727	2539	116443	476	6531	57053	
chloropyramine		3269	1557	1565	
chloroquine		2532	259249	445	1559	1576	51284	54106	2539	1544	1565	1557	10919	
chlorothiazide		760	759	3778	3158	762	6559	
chlorotrianisene		387129	367	6097	2099	2100	
chloroxine		4986	367	3064	7157	51053	79915	9682	3320	390245	10919	
chlorproguanil		2539	64146	1719	
chlorpromazine		7157	1131	1565	1814	148	4922	7066	5005	1128	3757	1571	150	8856	152	3356	3269	1816	5004	151	3308	3357	5243	3362	801	9429	147	1813	1576	7224	1815	3350	885	146	7957	6609	1559	3358	1812	59340	3363	1544	3417	627	
chlorpropamide		6833	3767	1559	1576	3758	2539	1544	1565	1557	4790	3766	
chlorprothixene		1128	1133	1131	3356	1813	3358	3269	1129	1132	1812	3357	1814	
chlorthalidone		183	23632	1636	760	759	771	4314	766	6557	762	4878	6559	
chlorzoxazone		1576	3783	3778	1544	64816	
cholic-acid		1339	1346	151306	5319	1327	2172	1329	1066	1345	1349	2235	126	1340	2104	1351	1350	9377	
ciclesonide		866	2908	367	
cilnidipine		774	51053	367	
cilostazol		5140	1577	5139	7253	7422	1559	1576	7056	216	1544	1565	1557	1437	
cimetidine		3274	222962	146802	4842	2214	1576	55244	51426	1544	1565	1557	5243	6582	
cinacalcet		51053	846	
cinchocaine		6336	51053	6331	801	4650	1544	390245	
ciprofibrate		5465	54737	3725	
ciprofloxacin		7153	1571	1559	1576	3028	2539	1544	1565	1557	581	
cisplatin		8661	1728	10849	5999	207	7852	406991	3976	4363	1571	2099	3308	51455	5617	10	581	1786	2952	1576	2922	7172	6240	79623	54737	4893	6597	5925	2648	9121	2064	4089	1111	216	150677	672	2730	55332	4214	6772	7157	147700	2551	7161	7329	7012	2880	5894	1015	3845	331	3084	6573	540	6794	2067	2074	6582	98	8714	238	2950	55902	51727	4496	355	283106	4193	2175	4548	5290	1312	7520	1647	3569	2068	10257	3074	1677	7298	5965	5328	4494	675	2052	1244	2260	4613	5243	3980	7052	545	3458	1649	3248	79444	4915	390245	4595	1956	4191	92815	596	2938	290	6790	2072	1869	5980	1317	10848	285761	7422	2395	995	3360	2539	2778	10951	4300	10919	2176	2729	54474	5893	5728	4524	4771	8856	246	366	2261	3312	3028	4137	126	4609	374378	4036	7515	5917	472	4255	4780	6714	3146	7508	7150	328	3417	
citalopram		1395	6532	10919	148	127254	2892	23327	5054	151194	1128	55312	3356	7166	6530	3269	2289	2932	6728	1557	6095	5243	10098	2731	3351	1576	6531	1577	121278	1385	775	136227	84062	3589	89932	1565	7905	2869	627	
citicoline		43	367	10919	6506	
cladribine		7157	7040	7525	84618	100	331	1026	1633	3559	5427	54107	5426	599	5422	56655	50484	6241	6240	4780	56616	4860	
clarithromycin		1577	7498	4842	3586	1559	1576	3684	2150	1544	1565	1557	5243	3576	
clebopride		43	1813	1565	
clemastine		7066	7157	1559	1576	3269	1544	1565	1557	5027	
clenbuterol		3767	6833	154	
cleviprex		778	774	779	786	775	776	
clidinium		1131	1128	
clobetasol-propionate		2908	5319	
clocortolone-pivalate		2908	5319	
clodronic-acid		293	291	292	
clofarabine		5426	367	6240	5424	50484	322	2322	5422	6241	
clofibrate		1072	7157	4023	5465	2168	6319	6517	3725	1576	8529	10599	1544	1565	1557	983	
clomethiazole		1557	2567	1544	1565	2554	10919	
clomifene		5617	5741	2099	
clomipramine		7157	6331	3351	3356	6530	2950	3358	6532	1576	2289	6531	1544	1565	3357	1812	5467	5243	
clonidine		2784	146	150	152	147	1559	8639	151	1565	1557	6580	5617	148	
clopidogrel		1558	5742	1555	1066	3690	64805	1557	5243	375033	4846	29104	1576	1577	51716	8704	1559	8529	1544	1565	3673	
cloprostenol-(+/-)		6915	5733	5737	5731	5729	
cloranolol		153	154	155	
clorotepine		146	6311	3362	147	1813	3269	3358	1812	10951	148	
clorprenaline		153	154	
clotrimazole		7157	51053	3725	3579	29994	10951	6311	1072	387129	7066	3757	7253	8856	3783	554	2740	1557	367	9266	154	1576	7226	11069	9682	5467	54795	3091	983	79054	9970	1559	5594	1544	1565	3320	
clozapine		1133	3727	3125	2668	148	3355	5617	2952	3351	23216	1576	146	59340	3363	1565	3127	54658	3106	150	9135	3356	3359	3269	2289	2740	151	3362	887	1813	1132	7957	25970	3358	3361	1544	4160	1131	1312	2194	6532	1814	1268	3354	3699	718	1128	1816	11201	2904	1557	5243	3107	3760	147	6505	4915	1815	3350	4907	1559	84062	3115	255239	10951	4524	50632	152	3352	5294	3357	3952	3558	2944	6531	6714	2166	1129	2641	1812	
cobicistat		1551	1576	1577	9023	64816	
cobimetinib		5605	4893	5290	5894	5609	6416	5608	5607	5606	369	5604	673	3845	4763	
colchicine		347688	4908	7278	7280	84790	51053	6517	3725	7846	10376	10381	347733	2742	1555	6717	3084	5914	79915	112714	7277	2741	5294	10383	10382	7275	1557	5243	203068	367	81027	6319	1387	1576	3606	23476	7849	4133	113457	3576	4780	84617	290	1559	6097	2670	3689	1544	1565	627	
conivaptan		554	552	
copanlisib		5296	5288	5728	5289	5293	23533	2064	5286	5287	5295	5294	8503	30849	2475	146850	5290	5291	3845	
cortisone		5320	3736	5539	3074	2908	
coumarin		1548	759	632	765	1508	760	1553	1557	23632	768	2158	1576	771	762	4780	1559	1544	1565	5340	
cridanimod		367	3315	51053	5241	3725	
crisaborole		5142	5150	5144	5141	5143	5136	
crizotinib		27436	4914	7157	3845	1029	4869	2260	5782	5243	238	2120	1956	6714	2064	4089	4233	25	374	6098	673	
cromoglicic-acid		6286	3778	
cyamemazine		3350	3356	3363	3358	
cyclizine		3269	6783	
cyclobenzaprine		3356	152	1812	1565	1577	
cyclophosphamide		1555	1577	1558	1548	1551	1562	1559	1576	1565	1557	
cyclosporin-A		6554	5530	5478	28234	10105	819	5535	10599	8647	2357	
cyclothiazide		5965	2892	2891	760	2890	2893	486	6559	
cyclovalone		64127	51053	9429	9682	10919	7421	3417	6311	
cyproheptadine		146	1128	1131	3362	3356	147	3358	3269	1129	3363	1812	1565	148	
cyproterone-acetate		134	367	
cysteamine		6750	4887	10919	1080	
cytarabine		2623	51251	6820	7157	116931	4297	10599	10257	7298	10919	5424	29102	1571	7490	3308	8202	64805	1557	1633	5243	5426	1576	5422	2950	5423	494514	6240	6241	50484	861	22978	655	2625	978	1559	2322	3815	552859	116085	1544	1565	55816	10320	
cytisine		1139	1137	8973	1143	1135	1141	1136	
dabigatran		4835	2147	10525	1066	132	3183	3176	1577	5243	
dabrafenib		4286	7157	5879	207	2539	5894	3845	3123	1029	5605	150094	5604	10735	2146	79858	342371	4893	1956	3984	3265	5290	673	4763	
dacarbazine		5328	1565	1559	1576	132	1543	2944	5226	1544	1557	4255	23649	581	3576	
dactinomycin		5965	367	3064	7421	246	1576	2099	6097	5467	328	6256	1544	1565	7068	2908	5430	10919	
dalfampridine		9132	3738	56479	90134	3745	3785	796	3736	23416	3748	170850	3788	3750	3749	27012	3757	131096	3737	3755	2078	3752	6582	3744	9312	3742	26251	27133	3743	3746	3769	3751	3784	3787	3739	169522	3786	3756	23415	81033	3762	3754	3790	3747	93107	1565	3741	
danazol		2798	114814	367	1573	4153	1356	412	5241	1559	2099	6347	1576	5340	1544	1565	93659	3576	
dantrolene		6262	1559	6261	1576	4137	6263	1544	1565	1557	
dapagliflozin		6524	6527	6523	
dapiprazole		147	146	1813	148	
dapoxetine		3351	3358	6532	1565	3350	
dapsone		3123	3106	1559	1727	1576	2539	1544	1565	3105	2796	1719	
darifenacin		1128	1133	1131	1129	1132	1565	
dasatinib		558	1432	673	7157	51053	11183	25	5156	3791	10733	23235	7525	90	51776	613	5159	3845	8444	3418	2268	50488	10006	51135	324	1436	6777	5605	4921	2261	5753	2260	3417	9748	9212	1969	150094	10188	5604	2066	3717	5586	367	695	640	6725	4067	7006	23387	3932	9429	8289	4294	5467	1399	1956	8476	6714	6850	57551	1441	3055	3984	867	2064	2242	4088	3815	3265	2534	4233	2444	5290	27	4763	
daunorubicin		2623	2328	7157	4297	1109	2539	8644	9734	10599	55869	10919	7298	5965	351	3065	29102	51564	4363	540	7155	8828	8574	4869	4137	7490	1543	874	51426	54578	7068	1633	83933	5243	1788	865	54093	7153	873	367	8841	4846	3066	9429	2950	494514	10320	7398	390245	861	10013	3064	64078	655	355	2625	9759	3921	2322	7150	328	552859	55816	5916	10014	641	80339	79885	
debrisoquin		146	150	152	147	6530	151	148	
decamethonium		43	1135	1134	410	
decitabine		1786	7157	51053	3845	2950	171023	54790	4583	3559	3417	1956	1788	
deferasirox		367	54659	9429	1576	1244	1543	1594	2638	1544	7421	1591	
deferiprone		9682	54578	29994	10919	390245	
deflazacort		2908	367	
degarelix		2798	114814	
dehydroepiandrosterone		2562	6820	4842	6517	332	2563	2565	1490	2539	2100	2568	2558	55879	2555	8856	2099	2904	116443	2554	5291	51083	2903	116444	6822	581	367	2556	2557	2561	10280	9429	5595	1576	23435	2566	3558	7054	3292	2564	2560	2902	5465	2567	2906	9970	2670	2559	3667	5290	2905	
dehydroepiandrosterone-sulfate		367	2100	2099	
delavirdine		8714	4363	9429	1576	1244	5243	
delivert		186	185	
demecarium		43	590	
deoxycholic-acid		151306	2357	
dequalinium		1260	2237	3091	3780	1576	3028	5999	3781	2475	1565	3782	1259	
deserpidine		1636	6571	7421	367	
desipramine		1133	1131	6532	153	148	7066	4157	1128	150	152	3356	6530	3269	151	410	5243	222962	147	154	1813	1576	1132	3350	146	6609	3358	1129	1544	1565	627	
deslanoside		480	481	482	367	477	478	476	483	486	
desloratadine		3269	5467	2205	1576	
desmopressin-acetate		553	552	5021	554	
desogestrel		51053	5241	367	2099	
desonide		2908	301	367	5319	
desoximetasone		301	367	5319	2908	3091	4780	
desvenlafaxine		3064	6532	6530	6531	9	1565	
dexamethasone		2516	6517	1021	3880	1019	5970	3976	1103	190	9607	2348	1800	367	1576	2678	7069	494514	655	7049	2625	5925	70	4843	4088	1499	3363	1565	4880	4914	332	1831	1015	4306	3084	54658	7412	2950	1119	338	3484	301	1544	55816	2908	7298	83716	4494	5914	1493	6281	6361	3726	1557	2744	5243	7421	197131	185	6295	5979	7003	5858	1559	552859	10993	2168	1017	8692	5054	653509	8856	5745	7038	3312	6646	6223	6476	4851	2158	7082	942	8660	4780	5836	6999	
dexlansoprazole		1557	495	496	
dexmedetomidine		150	5579	152	1559	1576	151	1544	1557	
dexrazoxane		7153	1356	7155	5599	1807	5243	
dextromethorphan		4689	1143	5879	1135	5880	6532	1536	4985	1137	653361	6530	2074	1535	116443	5243	4986	1139	1141	10280	1576	1136	4688	4988	10857	1565	2905	
diacerein		3557	834	3326	3320	836	2139	4780	10919	3553	
diazoxide		4907	6616	3767	4023	1565	796	760	885	759	4843	3764	3778	476	1544	9420	10919	6559	
diclofenac		5320	41	54575	5468	3785	5335	9518	5321	8644	5742	1573	9311	5743	6361	240	54578	1557	5617	4353	1649	6329	80036	1576	2678	8792	3786	213	290	1559	1544	1565	
diclofenamide		760	759	771	766	762	
dicoumarol		1026	1559	1728	216	2944	79001	4780	1429	
dicycloverine		1128	1131	1576	1129	1132	1812	1544	1565	10919	
didanosine		22978	367	7498	1559	1576	4860	1544	1565	1557	7124	3559	7133	627	
dienestrol		51053	246	154	1576	2099	247	4780	
dienogest		5241	2099	
diethylcarbamazine		5742	240	
diflunisal		5742	1719	5743	3028	4780	
difluprednate		2908	387129	367	
digitoxin		480	481	7153	482	367	51053	7155	477	478	79915	4088	6774	476	483	2908	486	3417	4780	
digoxin		51053	5999	1490	6863	153	2908	486	477	79915	7124	1557	5243	480	4846	367	482	478	154	1576	476	1471	7849	4780	481	7252	353189	1559	6097	6774	483	1565	1544	7432	3417	
dihydroergocristine		367	3350	3362	3356	1813	3359	152	1816	3360	153	4137	1812	3361	3363	1815	1814	148	
dihydroergotamine		3354	150	3351	1813	3352	4137	3355	3363	1812	3357	
dilazep		2030	7066	79915	1576	4780	
diltiazem		779	1565	113026	1559	3359	1576	781	786	5243	1544	1557	3741	775	
dimenhydrinate		3269	1565	
dimpylate		43	11069	1576	
dinoprost		6915	5733	5732	5737	11251	5731	5729	5734	
diosmetin		4791	5970	1545	4790	
diosmin		5429	9682	51426	196	5423	
diphenhydramine		1559	1576	3269	3176	1544	1565	1557	
diphenidol		1128	1131	1129	1132	1565	
diphenylpyraline		3269	6531	1565	
dipyridamole		10411	51053	6517	5147	5152	10919	100	5140	5139	4363	5151	7253	79915	3028	5138	8622	3326	7251	1557	5141	7068	5143	5243	247	5136	222962	5142	8654	11069	1576	10846	472	5146	27115	7398	5137	5145	3576	2030	5149	5158	2648	5150	5148	1559	5153	5144	1565	1812	672	5347	3320	
disopyramide		1128	3757	1131	6331	1129	3751	1565	3752	
disulfiram		51053	5999	706	4790	10951	10919	1621	7066	4524	224	79915	3028	217	1557	218	5243	7421	865	367	185	154	1576	1813	2678	3248	9682	5467	6531	2475	861	54737	4780	5347	1559	2670	216	1544	3320	255239	
dobutamine		2778	153	1812	154	
docetaxel		347688	7278	7280	84790	7846	10376	10381	347733	8856	112714	7277	4137	10383	10382	203068	81027	4133	113457	84617	596	4134	
dolasetron		9177	285242	200909	170572	1576	3359	9722	3784	
dolutegravir		54658	1551	8856	9429	1576	1577	5452	
domperidone		3757	79915	1813	5243	1565	1814	
donepezil		43	1139	1103	1565	1577	590	627	
dopamine		7157	6532	153	1814	10919	148	1621	5965	150	2237	152	6530	1816	3028	151	1813	147	6531	1815	3091	3350	390245	54737	4780	146	328	1812	3363	
dorzolamide		23632	760	759	771	1576	766	762	
dosulepin		1128	1133	1131	6530	3269	1129	6532	1132	
doxazosin		146	79915	147	2475	148	
doxepin		3274	3357	1128	1133	1131	3757	3356	1559	6532	3269	1129	6530	1132	1576	3358	1544	1565	1557	
doxofylline		5142	134	5144	5141	5143	
doxorubicin		1728	207	8644	4363	1543	51426	54578	581	2146	9429	1576	655	2625	4843	2064	216	1565	8493	672	673	627	1432	7157	332	6935	2215	7155	2067	1535	7153	4846	8714	238	2214	2950	4654	3921	85413	1544	55816	5290	53353	7040	3014	6390	1647	10257	1244	874	218	1557	5243	54093	873	7052	1906	4915	861	1588	4907	64078	596	2938	1559	3589	552859	174	5291	4835	4842	4689	546	4297	5880	6872	4602	2539	10599	1555	8856	8574	5294	7515	1027	472	2944	1545	4780	6714	6670	7150	328	5916	10327	
doxylamine		3269	10919	
dronedarone		796	153	148	3757	150	152	785	784	151	782	778	367	779	147	1576	3776	776	775	146	6323	783	1565	3741	
droperidol		3757	3356	1813	1565	1815	1814	148	
drospirenone		1557	367	5241	4306	
droxidopa		146	150	5053	152	147	154	155	153	151	148	
duloxetine		4684	51053	285852	6532	2220	1814	3356	57101	6530	125170	55904	3362	6531	9652	79750	54881	27130	3358	9378	1565	57194	
dutasteride		6716	79644	6715	367	
dyclonine		6336	51053	6331	1559	216	1544	1565	7421	10919	
dydrogesterone		4780	5241	367	
dyphylline		5142	5139	5150	5144	27115	5141	5143	
ebastine		3269	51053	2475	1576	
ecabet		5225	124056	643834	
econazole		4886	8856	7226	4887	56302	
edaravone		596	1576	216	1544	7421	
edrophonium		43	590	
efavirenz		3172	3123	1555	387129	54658	4363	8856	3356	1244	1557	10	5243	3586	8714	367	9429	1576	1577	4780	9970	1559	1544	1565	7364	
eflornithine		384	10919	4953	
eletriptan		3354	3351	3352	3355	3363	1565	3357	3350	
eliglustat		7357	1565	
eltrombopag		11309	4352	28234	2153	462	10599	6580	
eluxadoline		4986	4985	4988	
empagliflozin		6524	6527	6523	
enalapril		4842	7157	7422	1490	10599	4306	183	1636	1066	3308	624	4846	8654	154	1576	2936	1832	1803	328	5599	
enasidenib		3418	3417	2322	
encorafenib		5728	7157	5894	1956	369	5604	673	3845	
enflurane		2562	2563	2565	3736	54207	2568	2558	55879	2555	2890	6261	2741	3778	2554	513	51305	2556	2557	2743	779	2561	2566	3776	2564	3777	2560	338567	27032	2567	2559	
enilconazole		1555	1573	367	5465	8856	5732	1559	1576	23435	1544	1577	1588	
enocitabine		6240	51727	7298	
enoxacin		7153	7155	526	
enoximone		5139	1812	79915	10919	
enoxolone		5580	5468	5579	1559	3290	1576	51426	57016	1565	1557	5578	
entacapone		51426	1312	
entrectinib		6788	1022	558	3718	27436	4914	2324	11183	2444	3791	10733	57118	5747	5562	4058	1436	9748	1613	2261	4869	2260	9212	4486	5871	10188	3717	5586	238	4916	640	695	4067	120892	3932	2321	1196	5979	2120	29110	4915	57396	2241	9448	6714	6850	5582	57551	6197	3480	2322	3815	2534	6790	28996	4233	25	6098	2869	5588	
enzalutamide		5728	367	1586	
epalrestat		4137	60482	7421	231	
ephedrine		43	154	6530	1813	6571	148	
ephedrine-(racemic)		466	3725	1386	6532	4772	153	148	150	22809	6530	467	7124	122953	468	154	3558	6531	2353	11016	22926	
epinastine		3269	3274	1812	
epinephrine		5053	6517	153	2539	51738	148	5965	8692	150	2237	152	3028	4137	51426	151	7124	7421	5602	7170	147	154	2475	390245	3091	4780	146	4982	155	328	1812	5291	831	
epirizole		5742	5743	1544	
epirubicin		4842	7157	63970	332	10599	5444	3643	26354	5296	5054	8812	9978	7155	5528	874	5243	7153	4846	3161	4194	1105	2950	64065	2308	1545	1588	596	2064	3667	50943	
eplerenone		476	4306	
epoprostenol		5739	5731	64805	5734	5740	
eptifibatide		2244	2266	3690	3674	2243	
ergocalciferol		4780	7421	10919	367	
ergonovine		3354	367	1813	3028	148	
ergotamine		148	3354	150	3356	3352	6530	1816	3355	151	3357	3362	3351	147	1813	3350	146	3358	1812	3361	
erlotinib		4214	2324	7157	332	2444	3791	7525	2264	3845	50488	5728	4058	2872	3084	54658	324	8856	4771	9748	4921	9212	54206	5243	2066	3717	5586	238	367	640	25865	4067	9429	1576	2321	2065	5979	57396	1956	147746	6850	11309	3480	867	2064	999	4233	5594	1544	1565	25	5290	673	4763	
ertugliflozin		6524	6527	6523	
erythromycin		2150	2539	3757	4363	8856	1244	1557	5243	581	2862	1576	1577	7498	596	1559	1544	1565	3605	5347	3553	
erythromycin-estolate		213	3757	2862	1576	1595	55244	5243	
erythromycin-ethylsuccinate		213	3757	2862	1576	1595	55244	5243	
escitalopram		127254	653	10098	2731	3351	3356	1559	6532	3358	2289	3589	55312	7166	1544	1565	1557	2869	627	
eslicarbazepine-acetate		11280	6326	6336	6328	6323	6335	6329	6331	6332	6334	
esomeprazole		1577	1548	1571	1559	1576	495	1544	1565	1557	
estradiol		5468	5627	6517	2597	1490	2101	2908	2100	10919	5021	5965	5328	3757	1356	3976	8856	2099	3778	1557	5624	367	1576	5788	5858	4843	1559	6097	462	2852	1544	1565	
estramustine		367	7421	4130	354	596	2648	2099	55775	51426	7398	3074	641	4133	2100	581	
estramustine-phosphate		4130	4133	2100	2099	
estriol		367	2100	2099	
estrone		54579	367	412	2099	23435	5294	1645	2100	4609	
estropipate		10411	7421	2100	2099	
etacrynic-acid		476	6557	
ethanolamine-oleate		2864	338557	2161	2167	5338	
ethinyl-estradiol		8856	2100	2099	
ethisterone		7299	367	
ethosuximide		6323	1576	8912	8913	8911	
ethotoin		11280	6326	6336	6323	6328	6335	6331	6329	6332	6334	
ethoxzolamide		361	765	11238	377677	23632	768	760	759	771	761	763	766	762	
etidronic-acid		5802	523	
etifoxine		2554	2558	2555	2556	
etilefrine		8484	153	148	
etodolac		5742	5743	4780	
etofenamate		5742	5743	1544	
etomidate		2558	2560	55879	2556	2557	2562	2555	2561	2567	2563	2565	2566	151	2559	2554	2564	2568	
etonogestrel		1551	5241	367	2099	
etoposide		283871	54575	7157	51053	7040	690	9518	10599	1977	2068	10914	7298	3683	5319	675	79659	4363	3481	7155	54658	2067	2260	2740	4613	6585	8202	1557	5243	581	10097	8648	7153	1649	2952	5595	1576	2950	472	494514	94025	1956	8398	354	596	1559	1111	5594	1544	1565	1869	174	10673	
etravirine		8714	9429	1559	1576	1557	5243	
eugenol		216	4129	367	
everolimus		5295	207	2264	2776	7248	2100	3845	5728	675	4771	6794	2099	208	8314	5243	8242	2280	4851	367	4352	57521	472	5979	2475	1577	7249	1956	201163	4893	7428	5925	2064	1499	3265	10000	2767	672	5290	55193	673	4763	
exemestane		58508	367	81027	5241	2064	2099	1109	9448	8644	4780	1545	2100	632	1588	
ezetimibe		29881	387129	6646	290	
fadrozole		1584	2670	1588	9420	1545	1585	
famotidine		3274	9682	6863	2247	
fasudil		1022	5580	6198	207	5569	10110	3845	5566	1024	2624	5567	11200	1613	9212	25865	5613	868	120892	6093	1576	9475	57396	9448	5582	6197	1020	867	10000	1565	23683	5588	
febuxostat		54579	316	367	7498	54575	54658	54600	54659	54657	54578	54577	54576	
fedratinib		3717	3718	2322	3716	7297	23476	
felbamate		2902	1565	2906	1559	1576	2904	116443	1544	1557	2903	2905	116444	
felodipine		778	783	779	51053	1576	4137	4650	781	5243	1080	775	776	4306	3952	
fenbendazole		51053	2740	1544	3417	203068	
fenbufen		5742	5743	
fenigam		9568	2550	
fenofibrate		7157	2168	7422	3725	3569	10599	348	19	1072	3757	4023	1557	5243	367	1576	64386	1577	983	9370	338	116519	5465	7035	959	949	335	1559	1544	3105	1401	
fenofibric-acid		1180	5465	
fenoldopam		5965	150	152	1816	1812	151	1815	10919	10951	
fenoprofen		5742	160728	5743	
fentiazac		5742	5743	
fesoterodine		1128	1133	1131	1576	1129	1132	1565	
fexofenadine		3269	11309	5243	
finasteride		6718	1557	6716	367	7052	1565	1559	1576	2260	6715	1544	8837	4780	
fingolimod		53637	1901	
flavoxate		1133	1129	1565	1128	
flecainide		11280	3767	6331	3743	1544	64326	3741	
fleroxacin		7153	7155	390245	
flibanserin		1555	1558	3356	1559	1576	1544	1565	1557	1815	3350	
floctafenine		5742	5743	4780	
flopropione		3350	1576	
floxuridine		1557	1786	355	596	1559	1576	2064	2026	1544	1565	10057	5290	7298	3417	
fluconazole		213	1559	1576	1595	23435	1544	1565	1557	3320	
flucytosine		1806	1786	367	
fludarabine		6820	10599	100	331	1571	5294	958	1633	581	4353	5422	6387	472	6241	6240	4780	2030	4088	116085	10320	
fludarabine-phosphate		5426	6240	5424	50484	5422	6241	
fludroxycortide		866	2908	367	5321	
flumazenil		2562	2563	2565	706	2568	2558	55879	2555	1557	2554	2556	2557	2561	2566	2564	4780	2560	2567	2559	
flumethasone		2908	367	5319	
flumethasone-pivalate		866	2908	
flunarizine		51053	801	79915	3269	773	8912	8913	8911	10919	
flunisolide		367	113263	6862	1559	1576	5321	1544	1565	1557	2908	
fluocinolone-acetonide		866	2908	
fluocinonide		866	367	6608	5321	2908	
fluorometholone		5321	2908	367	
fluoxetine		6532	3360	6311	5054	3481	3757	1636	7166	15	3356	2932	2289	55107	6728	3357	5243	222962	367	3351	1576	84152	1577	3350	1394	4843	1812	1544	1565	7905	627	
flupentixol		1128	6311	3356	1813	1816	1812	7398	10951	1814	148	
fluphenazine		7157	3362	1565	801	3356	1813	3351	3269	1816	1812	3363	1544	7398	10951	5243	10919	
fluphenazine-decanoate		3360	3351	1813	
flupirtine		3762	3760	150	3785	3763	1576	5999	3028	3765	3784	1565	3119	2139	10951	3091	7421	10919	3123	
flurbiprofen-(S)-(+)		5742	5743	
fluspirilene		7494	51053	10951	10919	3354	387129	7066	3757	3356	79915	3352	3269	367	1813	9682	5467	786	3350	54737	3064	4088	1565	3417	
flutamide		332	2539	10919	1026	8856	366	5037	1557	3559	367	4353	1576	196	7054	4780	354	1559	6097	1544	7432	
fluticasone-propionate		5321	2908	5241	4306	
fluvastatin		1558	3990	54659	6720	3123	348	54658	28234	1636	8856	1557	5243	9429	1576	1577	1071	11309	3156	1565	7364	6564	
fluvoxamine		2247	3350	1312	10280	3356	1559	6532	1576	1544	1565	1557	5243	161357	
folic-acid		2352	2350	113235	6573	
fomepizole		847	125	124	126	10327	10919	
fondaparinux		462	2159	
formestane		23435	1545	367	1588	
formoterol		1557	154	1565	
fosfestrol		2100	2099	
fosfosal		5742	5743	
fosphenytoin		3106	6331	
fostamatinib		6850	5925	
frovatriptan		3352	3350	3351	
fruquintinib		2321	2324	3791	
fulvestrant		5728	7035	5290	5241	1021	2099	2064	2101	2053	2852	2263	1544	2100	898	
fumagillin		10988	4780	
furosemide		6557	2859	2784	6915	6558	1636	760	118	335	2922	100379251	6863	10257	6559	
gabapentin		59285	4842	774	56479	785	9254	784	2026	2904	10369	116443	10368	8913	2903	5243	782	116444	778	27091	779	59284	27092	134	781	786	773	775	8911	776	777	93589	3786	2902	783	59283	2906	55799	8912	2905	
gabexate		7032	7177	5644	
galantamine		1140	1143	1135	1134	1137	1103	55584	1139	8973	1141	1145	1136	1146	590	57053	43	1142	1138	1565	1144	
gallamine-triethiodide		1129	1134	
gallopamil		4311	1636	488	
garenoxacin		2744	7153	
gefitinib		558	4214	1432	2324	51053	11183	5156	23235	7525	3654	3845	5970	50488	5728	2872	55872	3481	5261	51135	11200	9748	2260	4137	818	10188	5243	5602	2066	23118	817	25865	640	4067	84446	415116	9429	3932	2065	2263	22933	5292	1577	1399	2012	1956	147746	9448	4792	1453	7376	4893	3551	23683	3055	9641	3984	1559	2064	5601	4793	6608	5599	4233	1565	2444	5290	1048	673	
gemcitabine		3791	10849	207	30833	84618	64132	1029	9429	6240	50484	4893	22978	7916	2064	4089	1111	672	7465	51251	1558	7157	147700	11044	2880	5894	3845	3084	2114	2067	135656	2289	7124	840	79969	9153	6241	55902	51727	10866	3177	3265	57650	9154	5290	2274	2068	7298	2100	400745	675	3481	60490	84920	1633	3107	5104	7052	1635	1956	64078	170954	978	867	462	4439	5430	10848	1041	546	2176	81704	5728	55315	2261	170679	7515	988	1612	6714	2030	3417	
gemfibrozil		11309	4023	5465	28234	1636	3952	3725	1559	3569	10599	3949	627	
gentamycin		3312	6390	
gestrinone		367	5241	2099	
glasdegib		2475	6608	
glimepiride		6833	10060	3767	1559	3758	2539	7124	3667	
glipizide		6833	5468	3767	6517	1559	3758	2539	3766	
gliquidone		6833	3767	1559	1576	3028	3764	390245	3766	
glyburide		6833	5468	6338	6517	3764	2539	358	19	10060	8856	1557	1080	3767	3758	1576	3558	1374	11309	3762	1559	1565	10057	8647	
glycopyrrolate		1128	1133	1131	1129	1132	
gonadorelin		2798	114814	
goserelin-acetate		2798	3973	
granisetron		9177	285242	7157	200909	2067	170572	1576	3359	1543	9722	1565	1577	5243	
griseofulvin		367	3859	8856	1576	3028	
guanaben-acetate		150	151	152	
guanfacine		150	152	1576	151	1565	1557	10919	
guanidine		1742	6035	2593	217	
halcinonide		2908	367	4780	
halobetasol-propionate		2908	5319	
halofantrine		3783	3757	
halofuginone		7803	2058	4088	7490	3558	1277	7124	4313	
haloperidol		1432	22874	4160	11214	7157	51053	340273	1312	6517	6532	6863	3949	1814	1268	4922	84107	3757	3164	3356	2890	3352	3269	1816	2900	3359	6261	2904	818	3308	3357	2903	5243	3339	1861	3557	4129	367	1804	440275	285242	9456	4825	10280	1813	1576	1742	6531	2475	6505	1577	1815	5997	3350	775	9152	3756	2902	4907	7957	2166	290	219790	84159	84062	3358	4852	1812	3363	1565	255239	627	
haloperidol-decanoate		1815	1814	3356	1813	
halothane		2562	1548	2563	2565	54207	2568	2558	55879	2555	6261	3028	2741	56660	2554	513	51305	56659	2556	2557	2743	779	2561	2566	3776	2564	3777	60598	2560	338567	2567	8645	2559	
hexachlorophene		4886	10411	5429	7341	7157	51053	2746	2194	3002	29994	7415	2584	6613	7253	246	2099	3312	3028	4137	7068	247	4170	7421	367	11069	1576	3248	9682	5467	5423	7398	7849	4780	222236	6392	3064	9099	5347	2648	6097	4088	3320	3417	
hexestrol		1645	2100	2099	
hexylcaine		6331	6336	
hexylresorcinol		367	1576	7299	7398	4780	
histamine		3274	222962	11255	4000	759	3269	763	766	59340	7398	10919	
homoharringtonine		332	6122	613	25	7015	
hydrochlorothiazide		51061	759	6934	153	64839	54790	81624	51497	5742	5054	23327	55757	5139	83447	1636	760	84890	8854	64478	51422	65125	6585	3778	5578	8089	7408	4925	768	118	51196	3758	771	84444	762	441108	10888	1445	131578	80895	162282	3158	6559	
hydrocortisone		405	2516	5091	7040	3038	4087	1831	4790	2908	7298	4306	100	183	5328	653509	8856	3684	6361	3028	1667	51083	5243	7421	4851	367	2158	1576	4312	5788	3091	338	182	4780	301	4843	2064	4880	3291	3553	
hydroflumethiazide		768	760	759	771	3778	476	6557	762	390245	6559	
hydroquinone		7066	7153	3553	596	3576	3248	2950	7299	3028	1728	6097	958	4790	4780	3091	10919	1588	
hydroxychloroquine		351	3552	7098	5743	51284	2539	494514	1565	54106	7124	7298	
hydroxyprogesterone		5241	2099	367	
hydroxyurea		1786	6240	50484	1356	5741	1576	3265	1791	1977	4217	25	6241	641	1843	
hydroxyzine		1577	3757	1559	1576	3269	1544	1565	1557	
hyoscyamine		1128	1133	1131	1129	1132	
ibandronate		2224	5741	
ibrutinib		3718	7157	4615	7525	4609	2066	5336	695	660	640	7006	4067	3932	472	1956	6714	3702	3055	2064	4088	7294	2534	1565	
ibudilast		5142	5139	8654	1576	3569	5144	1544	1565	5141	5143	3553	
ibuprofen-(S)		5742	5743	160728	41	
ibuprofen-piconol		5742	5743	
ibutilide		3757	796	781	775	782	
icosapent		2864	5742	5468	6546	3992	5743	2182	2181	5467	7442	2744	7421	
icotinib		1557	1956	
idarubicin		5429	51251	4689	6820	5880	10599	10951	10919	6311	5965	3757	1571	7155	2237	79915	4137	11201	51426	1535	7068	1633	1437	5243	1788	7153	5423	2475	2120	7398	54737	3064	2322	328	1812	116085	641	
idelalisib		5728	5293	5294	5290	5291	673	
ifosfamide		5742	1555	1577	1786	1558	1548	1551	7157	8856	1562	1559	1576	2950	3569	3308	1557	4255	
iloperidone		375298	10718	80224	3350	3362	152	1813	3356	3269	1812	3363	1565	56853	1815	1814	148	
iloprost		6915	5465	5733	5732	5739	5737	5731	5729	5734	
imatinib		4835	4763	4914	6517	5156	332	2444	1728	92241	6583	7525	613	5159	10257	3654	3845	331	1555	6584	1029	6573	10018	1436	4771	4921	1244	5155	1572	5243	5602	4609	3717	2810	238	4067	27	2952	6579	25989	9429	3932	1576	5979	2120	1577	2139	81608	6580	57396	8534	1956	861	57551	5583	10941	959	2322	4088	5244	3815	780	1499	4233	1544	4089	25	673	10320	
imidafenacin		1131	1128	
imidapril		1585	1636	183	624	
imipramine		1133	1131	6532	1565	10919	148	1128	3757	3356	6530	3269	1816	1557	3752	4158	3362	147	1813	1576	1132	6531	3751	3350	3756	146	1559	3358	1129	1812	3363	1544	627	
imiquimod		3439	51311	51053	51284	
indacaterol		54658	153	154	1128	
indapamide		760	3359	328	3784	3753	6559	
indinavir		1557	1551	54658	6517	1559	1576	7020	1544	1565	1577	1437	5243	
indobufen		5742	5743	
indomethacin		5320	5468	6517	332	6778	7442	8644	113235	7298	5742	2215	9536	4363	1636	5743	133	2026	2247	1557	3753	4609	1649	185	2214	942	1576	2678	6295	3784	7054	145482	10468	4780	5465	1559	3689	2739	11251	1544	1565	174	627	
indoramin		146	152	147	151	148	
ingenol		5581	5580	
ingenol-mebutate		5582	5581	5580	5579	5578	
inositol		921	10423	4907	4908	7006	2911	7157	4023	7040	887	5340	1490	3667	4893	627	
ipratropium		1128	1133	1131	1559	1576	1129	1132	1544	1565	
irbesartan		348	6554	183	185	1636	6517	3725	1559	1576	1906	1544	338	
irinotecan		8824	285761	7157	56479	546	8490	10512	7040	7048	7422	207	1869	7329	10257	9619	7298	3845	116447	675	4524	6573	54658	8856	54600	1066	1244	6470	5243	3831	5602	7421	864	7361	9636	9429	7517	472	10111	494514	590	1806	1956	5300	7150	2064	4089	22943	10057	672	5290	374	673	
isocarboxazid		4129	4128	1544	
isoconazole		51053	1586	5467	29994	3417	10919	
isoflurane		2562	2563	2565	3736	54207	2568	2558	55879	2555	2890	6261	2741	2554	51305	2556	2557	2743	779	2561	2566	3776	2564	3777	2560	338567	27032	2567	83795	2559	
isoflurophate		43	590	
isoniazid		1555	1558	1571	571	8856	1559	1576	2950	7975	4843	7514	1544	7124	1557	5243	
isoprenaline		153	154	155	
isopropamide-iodide		1131	1132	
isosorbide-dinitrate		2974	4881	2977	
isosorbide-mononitrate		2974	2977	
isotretinoin		5915	5914	367	7068	4023	596	7038	761	5916	1577	7421	
isoxsuprine		1544	154	1565	
isradipine		778	779	8856	1576	781	775	776	
istradefylline		140	134	135	136	
itopride		43	1131	2328	1813	
ivabradine		57657	378938	10021	348980	1576	
ivacaftor		1080	115019	
ivermectin		5027	1139	5243	
ixabepilone		347688	7280	84790	7846	10376	2100	3845	10381	347733	5241	112714	2099	7277	10383	7275	203068	81027	1576	113457	84617	2064	
ketanserin		10919	6570	148	3356	3352	1816	6571	3308	1557	3357	3351	147	3248	3350	146	1559	3358	1812	3361	3363	
ketoconazole		1565	29994	10951	10919	6622	1557	64816	5243	7421	3744	9971	9429	1576	9682	54737	4780	1559	8529	1544	3320	
ketoprofen		5742	5376	160728	5743	1565	
ketorolac		5742	5743	1565	
ketotifen		3269	1812	1565	
L-arginine		4846	384	222545	445	4843	113451	6541	6545	435	84889	
L-citrulline		4846	23564	5009	4842	51702	222545	445	4843	23576	23569	29943	353238	11240	
L-methionine		635	10840	5723	1373	4552	875	4548	10988	27232	23743	
labetalol		146	4023	147	154	1559	1576	2697	153	10855	1544	1565	1557	148	
lamotrigine		11280	6326	3172	6331	3119	6332	3123	361	1557	5243	3107	6336	6328	6335	6329	9429	1576	54657	6580	6334	6323	1559	5538	1544	1565	7364	
lansoprazole		496	5999	29994	9367	10919	8856	246	4137	1543	1557	5243	7421	4864	1576	2936	23430	1577	390245	4780	3576	162466	495	1544	1565	5347	3553	
lapatinib		332	7525	29904	2100	3845	3123	3117	3084	4771	5241	2099	9212	2066	1027	1576	2065	2263	5979	1577	1956	6714	8647	2064	999	4233	595	5290	673	
laropiprant		6915	5733	5732	5739	5737	3156	11251	5731	5729	
lasofoxifene		2100	2099	
latanoprost		5742	5737	10257	
leflunomide		6606	9367	3064	2185	79915	1576	2099	196	4312	6607	1723	1544	4780	3576	
lenalidomide		7424	1642	2247	8600	7422	9978	7423	51185	1499	8451	7124	5243	3845	10320	
lenvatinib		2324	5156	3791	2321	2260	3815	7525	2263	5979	5159	673	4893	
lercanidipine		10951	781	786	51053	
lesinurad		116085	1559	
letrozole		58508	1029	1548	8600	5290	5241	4982	1576	2064	2099	1499	4313	1545	2100	1588	
leuprolide		2798	367	1559	1576	1544	1565	1557	2796	
levalbuterol		7253	154	
levallorphan		4988	1135	
levetiracetam		6323	774	9900	759	3359	3105	5243	
levobetaxolol		153	154	
levobunolol		153	154	155	
levocabastine		3269	23620	
levodopa		5429	1312	7486	7442	10951	1814	10919	100	1621	5965	4524	3164	2237	1816	3028	11201	51426	581	4129	4935	185	9456	1813	1742	9682	6531	1815	390245	6580	54737	3600	328	1812	5594	641	627	
levofloxacin		7153	3569	2936	9986	5243	
levomepromazine		1133	1131	1814	148	1128	150	152	3356	3269	1816	151	3357	147	1813	1132	1815	146	3358	1129	1812	1565	
levonordefrin		5965	146	150	152	147	6530	246	3028	328	51426	151	390245	3091	10919	148	
levonorgestrel		5241	6715	2099	
levosimendan		3767	5139	3764	7134	
levosulpiride		3757	1813	759	771	1559	1576	766	1544	1565	1557	1814	
levothyroxine		5054	7252	5468	2158	7056	196	7067	7068	4780	
lidocaine		11280	6326	6336	6323	6335	4353	6328	6331	6329	1576	2539	6505	6332	6334	1956	627	
lidoflazine		2030	6328	3757	6323	1565	
linagliptin		1803	5452	
linezolid		4129	1559	1576	3569	1544	1565	4128	
liothyronine		1557	3351	1559	1576	7067	1544	1565	7068	
lisinopril		183	1636	59272	4314	7432	6462	624	
lisuride		3350	3362	150	3351	152	1813	3352	3356	1816	3358	1812	151	3357	1815	1814	148	
lobeline		55584	6571	57053	
lofepramine		7421	51053	6532	6530	3350	
lomerizine		774	51053	6331	
lomitapide		3949	4547	338	255738	
loperamide		4986	4985	367	7010	7157	7253	801	1576	773	1565	2475	4988	5243	5443	
loratadine		1577	367	387129	4353	7253	51053	55117	1559	3269	6361	6863	5594	1565	1557	3741	3091	
lorlatinib		238	27436	7157	5925	2242	4869	6098	
lornoxicam		5742	5743	1559	11201	2641	
losartan		57118	27347	54658	185	1576	1577	4868	7364	5243	
lovastatin		6606	1558	54659	7057	207	10599	5829	2222	3949	1017	10919	3683	54658	4023	28234	8856	1244	5294	6607	3988	6646	1557	5617	5243	7421	929	3952	3066	1576	1577	1071	338	4907	11309	116519	7035	1559	6097	8529	3156	1544	1565	7364	5291	3417	
loxapine		1133	1131	6532	153	1814	148	3354	1128	150	152	3356	3352	3269	1816	3359	6530	57582	151	3274	3362	3351	147	1813	1132	6531	1815	3350	3358	1129	1812	59340	3361	3363	
lubiprostone		1191	1181	
lumefantrine		1577	221785	476	1576	
lurasidone		150	152	1813	3356	3363	3350	
lypressin		553	552	554	
macitentan		1909	1910	
mafenide		765	23632	768	760	771	2539	762	
malathion		43	1576	3028	7421	4780	
manidipine		776	775	
maprotiline		7157	7253	80036	1559	6530	1576	1812	1544	1565	2475	5243	6311	
maraviroc		1234	4988	
masitinib		6714	5747	4067	1436	3055	5156	2185	2261	2260	3815	7525	2263	5159	25	
masoprocol		240	2064	
mebendazole		51053	7846	10383	1544	203068	
mebeverine		1133	1128	
mecamylamine		1139	1137	8973	1143	1135	1134	1559	1576	1136	1544	1565	
meclizine		3249	9970	1559	3269	1544	1565	
meclofenamic-acid		1268	3786	5742	3785	5743	240	
medetomidine		146	150	152	147	151	148	
medroxyprogesterone		387129	367	2078	5241	1576	2099	6097	216	4312	1577	1545	7421	581	4780	
medroxyprogesterone-acetate		5241	2099	
medrysone		5321	2908	367	4780	
mefenamic-acid		5742	80036	5743	3784	
megestrol-acetate		2908	5241	
melatonin		4835	1551	3553	7040	4544	2691	5187	632	438	4543	5914	15	2099	5294	240	3357	6095	5617	64816	581	4609	4129	3458	4353	6096	801	8288	1576	811	4133	9168	2670	1544	2730	
melevodopa		1813	1816	3028	1812	1644	410	1815	1814	
meloxicam		5742	367	5743	1559	1577	
melperone		3356	1813	
menadione		4835	2147	7157	5627	1728	4128	10919	6311	632	4137	1557	5624	8858	7421	316	4129	367	2158	154807	5467	2677	2159	4780	3043	216	2155	1544	1565	79001	641	
mepacrine		5319	2237	79915	5999	11201	51426	1812	2475	7398	10919	
mephentermine		146	150	152	147	154	155	1813	153	151	148	
mephenytoin		11280	1555	6326	6336	6323	6328	6335	6331	6329	1576	6332	6334	
mepyramine		3757	1559	1576	3269	1544	1565	1557	
mercaptopurine		3615	3251	3614	5471	
mesalazine		5468	10919	1147	5742	5965	834	5743	3028	51426	240	1557	2744	7421	3586	4353	1576	3248	7398	3551	328	9	
mesoridazine		1573	3350	3356	1813	3358	1812	1814	10919	
mestinon		43	590	
mestranol		183	367	7252	1559	2099	2678	1544	1565	1557	
metaraminol		1559	1576	1813	1544	1565	1557	148	
metergoline		51053	29994	10951	10919	3354	7066	3757	3356	3352	3355	10855	3357	3362	3351	3350	3358	3363	3361	1812	
metformin		6928	26960	80704	55244	2330	5563	6514	3845	5728	5562	57094	8856	5564	51422	6794	26121	32	6582	222962	3767	472	2475	53632	6581	6580	4893	146802	11132	6667	5465	5571	2064	3265	269	5290	5565	3417	
methacholine		1129	1132	154	
methantheline		1133	3274	1565	1128	
metharbital		2891	2562	2563	2565	2898	2568	2558	55879	1137	2555	2554	1139	2556	2557	2561	2566	2564	2560	2567	2559	
methazolamide		3643	3106	23632	760	759	771	766	762	3107	10919	
methimazole		2215	3123	7157	3106	3952	9420	1493	1809	3725	2670	3559	7124	1400	7173	1437	10919	632	3576	
methocarbamol		1559	1576	759	1544	1565	
methotrexate		7099	3736	2346	6279	4363	2348	54578	581	9429	1576	23435	54737	655	2625	2356	5925	6898	1565	135	7157	4914	332	2264	54577	1719	7128	2215	6573	54658	54600	6504	8202	9194	11252	4846	8714	6579	6283	54657	114571	84159	1544	55816	4552	471	259232	54579	54659	10257	2908	113235	7298	514	100	3135	29102	3082	3824	28234	1244	11201	1557	55556	2744	6470	7421	3107	3557	7170	8836	5423	6648	54576	646023	3704	1559	552859	1869	174	50943	10320	5429	54575	5468	3385	10599	3809	10919	23384	9376	3028	240	270	6822	4851	55867	1027	3558	2944	3316	4780	3133	5797	5836	2322	328	595	3417	
methoxamine		147	146	148	
methoxsalen		1432	1548	2237	1553	1576	2099	6863	1543	1544	1565	
methoxyflurane		2562	2563	2565	3736	2568	2558	55879	2555	2890	6261	2741	2554	513	2556	2557	2743	779	2561	1576	2566	2564	2560	27032	2567	2559	
methscopolamine		1129	1131	1128	
methsuximide		8912	8913	8911	
methyclothiazide		4780	6559	6557	
methyl-aminolevulinate		2209	2235	
methyldopa		51053	1312	5999	29994	10951	10919	5965	150	2237	152	3028	11201	51426	151	1557	1813	1576	9682	5423	1644	390245	54737	839	1559	328	216	1544	1565	641	
methylergometrine		5965	3354	3356	3358	5999	3355	216	1812	3357	7421	10919	
methylnaltrexone		4986	4985	4988	
methylprednisolone		301	367	4780	3458	7157	3627	596	941	3567	3689	7224	2908	3559	5243	4609	627	
methysergide		5965	3354	7421	3362	3351	3356	3352	3358	5999	3355	216	3363	3361	1812	3357	3350	10919	
metirosine		7350	1565	1559	1576	3439	3558	6531	1544	7054	1557	627	
metixene		1128	1133	1131	1129	1132	
metoclopramide		9177	51167	1128	51700	1813	3359	1727	3360	3558	2539	1544	1565	51706	1585	
metocurine		1129	1135	
metolazone		3028	6557	6559	
metoprolol		83447	1636	154	2868	131578	6521	153	1565	
metronidazole		1559	1576	706	3569	216	
metyrapone		8856	1584	1576	
mexiletine		5328	6329	6331	6863	1565	
mianserin		3274	146	3362	150	3356	147	3358	3269	1576	3359	3309	3360	3363	1812	1565	3357	148	
miconazole		7421	1551	8856	1559	1576	7226	9682	1544	1565	1557	5243	3417	56302	3320	
midostaurin		5580	5579	5156	3791	7525	5590	5159	3845	4869	2260	3308	5578	4916	2120	55351	5584	5582	5581	23683	5583	5587	2322	3815	5290	5291	5588	
mifepristone		2778	29994	10951	2908	10919	387129	3976	8856	5241	6476	5243	367	1576	9682	2475	54737	4780	354	1812	627	
miglitol		2548	8972	23193	23269	2595	
miglustat		7357	23193	
milnacipran		150	6532	6530	3350	161357	
milrinone		5140	5139	8654	5138	5141	
miltefosine		5319	7124	5290	1437	5243	
minodronic-acid		2224	9453	
minoxidil		5742	10060	3767	796	1559	3758	1576	3764	1544	1565	1557	6817	3766	
mirabegron		1565	153	154	155	
mirtazapine		6517	1555	150	9135	3356	152	3359	2289	151	1557	51083	3952	1577	121278	3350	25970	1559	3358	1565	
misoprostol		387129	5733	5732	5739	5734	
mitiglinide		3767	6833	3766	5468	
mitotane		1555	1584	3757	2099	6097	472	1583	4780	
mitoxantrone		54579	5429	7157	7486	5999	7525	10599	4790	10951	10919	6311	5893	5965	7066	7155	2237	79915	11201	51426	29127	410	5243	581	7153	1786	7468	9429	1576	9682	5292	79623	54737	3064	596	4154	3921	4088	5594	672	641	
mivacurium		1129	1135	590	
mizolastine		3269	2205	
mizoribine		3614	10919	
moclobemide		1557	4129	4128	367	
moexipril		1636	59272	
molindone		3356	1813	3269	1812	10919	
mometasone		2908	301	
monobenzone		7299	1544	4780	
montelukast		10800	10060	1577	1558	4048	11309	4363	1565	54659	64409	1559	1576	240	1544	56934	1557	4056	4300	
mosapride		3360	3359	
moxifloxacin		7153	2539	3757	
moxonidine		150	151	152	
mozavaptan		553	552	554	
mycophenolate-mofetil		3615	3614	
mycophenolic-acid		3615	3614	
nabumetone		5742	6606	1573	11069	5743	6607	1544	
nadolol		4023	6579	154	155	153	
nafamostat		7113	41	7032	9311	54822	40	216	5644	7124	715	7177	
nafcillin		9356	8856	1544	1576	
naftopidil		5594	8912	10951	10919	148	
nalbuphine		4986	4985	1576	1544	1565	4988	
nalfurafine		4986	4988	
nalmefene		4986	4985	4988	
naloxone		4986	117	4985	1392	4908	5914	7099	290	2099	2922	5617	4988	1385	627	
naltrexone		1621	4986	4985	10280	6863	2641	4988	581	
naphazoline		150	1813	148	1565	
naproxen		5742	213	5327	5743	1559	1576	6288	1544	1565	1557	10951	3576	
naratriptan		3354	3351	3352	3355	3350	
nateglinide		6833	5468	3767	796	1559	1576	3758	10599	1544	1565	1557	3766	
nebivolol		1565	153	154	155	
nedocromil		10800	2357	57105	5729	113263	3320	
nelfinavir		1555	1551	7099	1559	1576	7020	207	3569	1544	1565	1557	5243	
nemonapride		1815	1814	255239	1813	
neomycin		6517	6019	2993	5294	7852	
nepafenac		5742	5743	
neratinib		8924	5290	3845	5241	2099	3791	2064	7525	2100	673	1956	
netupitant		6869	6697	
nevirapine		54535	10622	1548	3119	1555	4363	8856	1244	1557	5243	89845	8714	9429	1576	360158	1577	9370	338	10866	1559	1544	1565	6941	10758	
niacin		23475	27198	338442	8843	4837	84649	1559	1576	1544	1565	1557	
nicardipine		140	367	3553	8856	79915	1576	1812	2475	5617	10951	775	5243	10919	6311	627	
nicergoline		150	148	
niclosamide		6606	7157	51053	8321	2778	9367	10919	6311	7066	7253	324	4137	57582	6256	6607	4864	1576	196	2475	5315	3091	4780	5540	1559	6774	1544	1565	3417	
nicorandil		10060	3767	1559	2539	1557	
nicotinamide		23411	23408	23410	3939	683	142	
nicotine		9177	1991	23284	2328	4908	1143	2326	1135	1312	5447	7040	7365	2035	1019	54577	1555	3084	1137	1026	1103	1356	3164	1553	116443	5243	581	55584	1139	8989	8973	1649	1141	2587	1813	1576	54657	6916	1136	1644	6531	3094	4988	1385	1588	57053	7428	1142	1129	1812	1138	1565	1869	174	255239	627	
nifedipine		1991	816	774	51053	5999	3736	4650	320	4790	29994	10951	2908	10919	148	6311	4922	8856	79915	3028	2741	4137	6646	3308	1557	5243	595	7421	778	367	2743	779	8001	801	80036	1576	2922	3248	781	1577	390245	3091	775	776	54737	4780	783	1559	6097	2670	216	1812	1544	1565	5594	8912	3741	8170	
niflumic-acid		1187	5742	5319	54600	1188	5743	5321	55107	3784	1180	
nilotinib		54658	4067	5156	9429	4921	2322	3815	780	613	5159	25	3845	4763	
nilutamide		367	354	1559	1576	1544	1565	1557	4780	
nilvadipine		776	775	367	
nimesulide		5742	4842	4353	4057	5743	30814	1559	55775	328	2539	3308	1544	1565	1557	10919	
nimodipine		778	5054	776	4908	9971	779	79915	4843	2670	786	5243	1577	1080	2353	775	4306	
nintedanib		2324	5156	3791	207	2264	7525	5159	2268	2261	2260	640	4067	3932	2321	2263	5979	6714	3055	2322	2534	8837	2444	
niraparib		91607	5728	675	545	3417	472	672	10038	142	
nisoldipine		778	367	7421	779	1565	51053	1559	1576	773	1544	1557	775	776	10919	4780	
nitrendipine		778	3757	185	3783	781	786	5243	776	
nitroxoline		10002	367	3064	51053	4088	9682	5467	3320	10988	29994	7421	3417	839	4780	
nizatidine		3274	6863	
nonivamide		367	246	1559	1576	7442	1544	
norepinephrine		5429	5053	1312	55775	153	10919	6570	148	5965	150	2237	152	4137	11201	51426	6571	151	7421	147	154	9682	146	4154	155	328	1812	641	
norethindrone		4922	1557	367	5858	5241	5340	93659	5617	4780	
noretynodrel		5241	367	
norfloxacin		7153	2539	10919	390245	
norgestimate		367	5241	7225	2099	7222	
norgestrel		367	5241	2099	3309	6715	6462	4780	
nortriptyline		7157	1133	1131	6532	153	23516	10090	148	3766	6311	1128	150	152	3356	6530	3269	151	5243	3362	10280	147	154	1813	1132	3350	10857	2784	146	155	3358	1129	1812	1565	627	
noscapine		10280	1559	1576	1557	3091	
octreotide		9170	6753	6751	4353	354	4771	7038	6755	5294	5291	3484	6752	
olanzapine		2562	1133	2326	5999	339745	148	2568	1103	3355	1543	3351	154	1576	23216	7172	2566	2564	59340	2559	3363	627	5367	2328	2565	153	54658	2671	2555	150	9135	3356	3359	3269	2740	151	2554	3362	2561	887	1813	1132	196	2784	2560	7957	2548	2567	25970	155	3358	3361	4160	1131	1312	6532	2563	2696	1814	1268	3354	3552	1128	477	1816	5243	64816	440275	2556	147	2947	1577	1815	3350	1559	255239	5468	2558	55879	4524	152	3352	3357	3952	3274	22987	2557	2166	1129	2641	1812	
olaparib		7157	23624	5290	580	2100	3845	3418	5728	675	11200	5241	2099	8314	79728	4609	10735	545	3066	142	472	7428	2064	1111	4233	10039	51755	2175	672	10038	3417	
olmesartan		185	10599	
olmutinib		695	1956	
olopatadine		6271	6285	3269	6283	6273	6284	
olprinone		5139	10919	
olsalazine		7172	4297	4221	3458	
omarigliptin		1803	3757	
omeprazole		496	3067	6863	2539	3074	29994	10951	10919	8856	4137	7124	1557	1437	5243	4170	7421	1576	2950	3248	9682	196	1577	390245	3576	4780	3315	1181	1559	495	1544	1565	7432	5347	3553	
omeprazole-magnesium		495	496	
ondansetron		9177	3356	1576	3359	6532	5539	2936	1565	1577	5243	
orlistat		1268	57406	5054	747	26090	4023	2194	8513	221955	5406	
oseltamivir-phosphate		4759	4758	1066	
osimertinib		3845	2064	1956	4233	4893	
ospemifene		1555	2100	1559	2099	
otilonium		51053	775	7398	
oxaprozin		5742	2053	5743	
oxatomide		3757	1576	3269	1565	8912	3091	
oxcarbazepine		11280	6326	54575	6331	6332	54577	3123	3106	54600	1244	5243	7421	6336	6328	6335	6329	6334	54576	6323	7364	
oxibendazole		51053	10383	203068	
oxprenolol		153	154	
oxybenzone		3064	3991	3248	216	1544	
oxybuprocaine		1544	6336	1565	
oxybutynin		1128	1133	1131	1576	1129	1132	1565	
oxymetazoline		146	150	3351	152	147	3352	3358	1576	2539	151	1565	148	
oxyphenonium		1131	1132	1128	
oxyquinoline		367	6097	4088	10988	29994	4780	
oxytocin		5021	2516	5020	554	5599	2641	553	552	581	
paclitaxel		7278	7099	51053	207	836	2342	1029	3976	4363	10383	10382	10	3717	367	2952	9429	1576	4988	6240	4133	113457	3576	85363	2064	4089	4134	121512	672	27250	627	347688	4214	7157	5156	332	7090	10376	5894	3845	2044	10381	3084	2067	7277	3559	203068	7153	8714	81027	840	2950	8379	55902	4778	1826	84617	1978	5290	283871	7280	6663	2194	7846	2068	347733	675	28234	1244	5243	3925	1649	1577	6648	1910	1588	1956	6850	596	6790	1869	84790	4602	10599	1017	5728	1026	8856	112714	4137	5294	4851	89845	472	2944	4313	1545	2353	6714	2030	166378	4233	
palbociclib		11183	1021	1019	894	9149	896	2100	3845	5728	5562	4751	1029	1030	5241	1613	2099	1859	4486	5871	238	5613	6598	120892	1025	1196	5979	9475	57396	898	9448	4893	57551	10298	6597	6197	23683	1020	5601	5925	2064	2322	1111	5599	4233	595	5290	673	
paliperidone		2066	4160	9135	3356	1813	25970	1812	1565	10919	
palonosetron		1565	2067	3359	
pamidronate		2224	846	1558	942	3576	
pancuronium		1137	1131	1135	1134	1129	
panobinostat		10014	8841	3065	673	51564	6598	9759	3066	4297	4613	9734	8314	83933	55869	10013	3845	79885	
pantoprazole		1577	7421	495	4137	2641	1557	5243	
papaverine		7066	146	5142	5328	7498	8654	1559	1387	1576	10846	5144	1565	1557	10951	10919	4780	
paracetamol		1548	7366	5335	445329	1728	3360	7442	5321	3119	9420	1017	5742	6818	6046	54600	1026	1571	5743	3312	54578	1557	6817	6822	7361	1576	8792	3558	54657	4988	4502	728734	3576	2166	6783	1559	2011	1544	1565	595	
paramethadione		8912	8913	8911	
parecoxib		4057	5743	
pargyline		4129	4128	
paricalcitol		7421	632	
paroxetine		9177	1133	1131	1312	6532	2668	1814	10919	6311	5025	1128	7166	3356	6530	2289	133	6728	5243	367	3351	1576	1132	2475	1577	3350	1129	1544	1565	7905	161357	627	
pasireotide		6755	6753	6752	6751	
pazopanib		1022	1558	2324	7157	5156	3791	7525	5159	10019	3845	5747	4751	4058	54658	3106	1436	2261	2260	9212	10188	238	367	2246	3066	9429	3932	1576	2321	5467	2263	5979	2475	9448	57551	3480	3702	5601	3984	3815	5599	2534	6790	4233	25	4763	
peficitinib		3717	3718	2185	7297	3716	
pefloxacin		3558	7153	7155	3458	
pemetrexed		5728	238	113235	4524	6573	2352	3845	8836	1244	471	7298	2618	1956	1719	
penbutolol		153	3350	154	3351	
penfluridol		5467	8913	367	
pentamidine		1787	7177	3553	
pentolinium		1137	1136	1143	57053	
pentostatin		5562	100	
pentoxifylline		135	5147	5152	5140	5139	5151	7450	5138	8622	151	7124	5141	5143	5111	5136	5142	8654	10846	134	5146	27115	5137	5145	3576	4907	136	5149	5158	596	5150	5148	2670	3689	5153	5144	3553	
perhexiline		1375	1565	1576	1544	1376	1557	1374	
perindopril		185	1636	2539	623	
perospirone		1815	1814	1813	
perphenazine		7157	51053	5999	10951	5893	6311	7066	3757	3356	3269	7334	3362	801	1813	2475	54737	3358	1812	3363	1565	1544	
PF-06463922		238	27436	7157	5925	4869	2242	6098	
phenacemide		11280	6326	6336	6328	6323	6335	6329	6331	6332	6334	
phenazone		5742	5743	
phenazopyridine		2539	6323	
phenelzine		4129	18	1558	84706	6530	8639	6532	1576	2875	6531	1544	1565	1557	9367	4128	2572	10919	
phenindione		79001	10919	
phenoxybenzamine		146	150	152	147	1576	1813	216	151	1565	10951	148	4780	
phenprocoumon		1557	2052	5465	6810	8529	79001	5624	
phentolamine		146	3767	150	6517	152	147	1813	151	250	1565	1557	7298	148	
phenylbutyrate		10014	8841	3065	6606	51564	9759	3066	596	7520	9734	83933	55869	10013	79885	
phenylephrine		146	4842	148	4914	147	154	1813	3684	7450	5294	1812	3308	2247	581	
phenytoin		11280	6326	4908	7200	1548	7422	6331	10877	7366	6332	361	1555	2052	3106	4524	54600	8856	7038	1543	54578	1557	2554	10	6336	6328	6335	6513	6329	1576	2678	1577	6334	1588	4780	6323	1559	1544	1565	5460	
physostigmine		43	590	216	10919	
picotamide		6915	1576	
pilocarpine		4908	1128	1133	1131	4363	1103	1548	4914	5617	1129	1132	4915	2353	627	
pilsicainide		6331	367	
pimavanserin		3356	1813	
pimozide		7494	7157	10951	1814	6311	7066	387129	3757	3356	79915	3269	1816	6256	1557	3744	367	801	1813	1576	9682	5467	2475	1815	3091	3350	8911	54737	1812	5594	1565	3417	
pinacidil		6833	10060	3767	796	1576	
pindolol		2717	3356	154	153	3357	3350	
pioglitazone		5468	6513	80036	8856	7040	1559	1576	2670	7057	7525	2539	5789	3308	1577	51738	9370	
pipamperone		3351	3356	1813	3352	3269	3350	
pipecuronium		1129	1135	1131	
pipenzolate		1565	1128	
piperidolate		1565	1576	1128	
pipotiazine		3350	1812	1813	3356	
pipotiazine-palmitate		3350	1812	1813	3356	
piracetam		2892	2893	2890	2891	
pirarubicin		7153	3064	4363	2237	4297	51426	7398	2744	
pirenzepine		1128	1133	1131	1129	1132	1812	1565	10919	
piretanide		367	6558	3028	6557	3091	10919	
pirfenidone		1432	7040	5603	5600	6300	3028	5045	1544	7124	
piribedil		1557	3350	150	152	1813	1576	1544	1565	3357	1815	1814	148	
piroxicam		5742	5320	5743	1559	1576	2678	9682	1544	1565	1557	29994	
pitavastatin		1244	3156	10599	3123	
pivagabine		1394	1395	
pixantrone		7153	7155	
pizotifen		3350	3356	3358	
plerixafor		4221	4297	7852	729230	1233	57007	
podophyllotoxin		347688	7278	7280	84790	51053	7846	10376	10381	347733	7155	112714	7277	190	10383	10382	203068	7153	367	81027	1576	7849	113457	3480	84617	
ponatinib		23097	8737	5156	3791	7525	2264	613	5159	3845	1024	10006	2261	2260	8767	4067	27	3932	2263	5979	1956	6714	7010	11035	2322	2064	3815	4233	25	5290	673	
posaconazole		6608	1576	
pralatrexate		64146	5981	1719	
pralidoxime		43	590	
pralidoxime-chloride		43	590	
pramipexole		3350	150	3351	152	1813	3352	3356	1816	3358	1812	151	3357	1815	1814	
pranlukast		10800	57105	3567	4790	4583	7124	6037	
prasugrel		1555	1577	4914	1559	1576	64805	1557	375033	
pravastatin		9177	4842	3990	7099	221458	9356	4314	29881	10599	3949	3123	348	19	4524	4023	28234	1636	9376	1244	9510	5243	581	9429	1576	3558	387	4313	1071	338	11309	3156	3363	4547	8647	3553	
prazosin		81033	146	367	4842	3757	150	90134	152	147	9429	1576	3028	5599	151	148	
prednicarbate		301	367	5319	2908	4780	
prednisolone		29940	947	2539	7259	2908	632	4306	866	2215	7038	250	5243	581	4851	367	2214	1576	1577	4780	3146	3931	301	5925	6898	80339	5340	
prednisone		796	2908	7298	348	4155	29102	1493	7038	3290	7450	3028	1557	4158	5243	367	3458	1576	2950	7172	6387	2944	494514	5788	301	655	2625	2938	1559	3689	552859	1544	1565	55816	
pregnenolone		2101	4780	6820	
prilocaine		11280	6326	6336	6323	6328	6335	6331	6329	2539	6332	6334	
primidone		11280	6326	2891	2562	6331	2563	2565	2898	6332	2568	2558	55879	1137	2555	2554	1139	367	2556	2557	6336	6328	6335	2561	6329	80036	2566	6334	2564	2560	6323	2567	2559	
probenecid		367	24145	53919	55867	4363	9376	9356	2539	5243	
probucol		19	1066	8647	3757	
procainamide		64326	6331	1786	10	
procaine		4129	27345	6336	1135	3779	27094	6262	3359	10242	3780	3783	4128	6261	3778	116443	3781	6531	3782	
procaterol		154	5999	
prochlorperazine		7157	51053	29994	10951	1814	10919	255239	6311	3356	3269	1557	4170	11069	1813	1576	3558	9682	1815	54737	1559	1812	1544	1565	3417	
progesterone		7157	5627	6517	55775	1019	2908	4306	960	4880	2215	5021	1380	3084	2047	5319	1356	5376	1436	8856	5241	5564	1586	347732	2099	4831	10535	117155	9607	467	5266	378807	1557	5294	5624	1645	5243	595	1437	3559	4986	940	367	7052	7170	5728	6513	412	1075	1027	1576	7224	117144	6256	23435	1890	1577	9475	4780	5858	5076	355	354	1559	538	2670	6097	462	216	5594	1544	1565	6898	25	5291	
proglumetacin		5742	5467	5743	
proguanil		64146	1576	1557	6580	1719	
promazine		146	1128	1133	1131	3356	147	1813	3269	1129	3358	1132	1812	1544	1565	1815	3091	1814	148	
promethazine		3064	1128	1133	1131	3269	1129	1132	1543	1812	1544	1565	10951	5617	10919	6311	
propafenone		3757	6331	154	1576	153	1812	2475	1565	64326	3741	5243	
propantheline		1128	1131	1129	1132	1544	1565	
propentofylline		5999	1544	5136	
propiverine		1133	1128	
propofol		6326	2562	4842	2563	2565	7442	2568	2558	351	55879	3757	54600	2555	2026	2554	5243	2556	2557	2561	6329	154	2566	2564	2560	2166	2567	1559	4843	2559	
propranolol		116	3316	154	155	1559	1490	1576	153	2539	2670	1544	1565	1557	5243	10919	632	627	
propylthiouracil		3123	7157	4353	3952	1733	5564	1559	2697	4650	7124	1544	1565	1557	5617	7173	3559	627	
proquazone		5742	5743	
protriptyline		7066	6532	6530	3028	1812	4790	1565	
proxymetacaine		6331	6336	
prucalopride		3360	3359	
pyrazinamide		1555	4353	2194	1559	1576	1544	1565	1557	7124	
pyridoxine		4914	3240	1644	7124	8566	
pyrimethamine		52	367	3073	8517	55244	2950	3558	6774	2348	3417	1719	
pyrithione-zinc		9132	56479	3785	3784	
quercetin		947	2147	23533	5585	5579	4791	30849	5444	5970	4155	1543	51426	581	25865	1576	3297	54737	146850	5584	5582	5289	5587	29941	216	23683	2551	9262	5590	2859	2584	5296	7153	5288	3091	338	5287	1544	5290	5295	8503	7525	5965	2237	554	11201	1557	247	5293	3248	5423	390245	1588	5581	5583	1559	1869	641	5291	26275	5429	5580	995	4790	10919	246	79915	3028	4137	5294	5578	5586	5595	2936	5292	7498	3315	3055	7150	5286	328	1812	25	133688	5588	
quetiapine		4160	1133	1131	1312	5999	6532	1565	1814	148	1268	3354	1128	150	9135	152	3356	3352	3269	1816	3359	3355	6530	151	2904	693167	1557	3357	440275	3362	3351	147	1813	1576	1132	1577	1815	3350	146	7957	2166	25970	3358	1129	1812	3363	1544	5144	
quinapril		1636	183	4609	
quinestrol		51053	2099	2100	3417	6311	
quinidine		3775	1551	6331	3757	57582	1557	3753	5243	222962	27133	1576	3743	157855	3756	9424	8645	1559	83795	1544	1565	3741	
quinine		222962	9312	7068	1551	1576	3783	3558	2539	1565	64326	5243	2815	
rabeprazole		3553	496	495	4137	216	3074	1557	7124	247	7421	10919	3586	
raloxifene		7157	10951	51738	2100	6311	7066	54658	3570	5743	2099	3028	4137	5294	1557	7421	1576	2796	3572	54576	7252	3480	5327	23090	216	2852	1544	1565	5290	7015	3553	
raltitrexed		213	7298	6573	2356	596	1027	1017	1719	
ramatroban		4221	6915	4154	4297	11251	
ramelteon		4543	4544	
ramipril		1490	4313	1636	7040	
ranitidine		3274	5319	796	5741	1559	1576	2922	2157	3308	1544	1565	1557	5243	10919	
ranolazine		6336	6335	6329	6331	1576	1565	5243	5340	
rasagiline		4129	596	1813	
rebamipide		5594	2247	2357	
regadenoson		140	135	136	134	270	
regorafenib		2324	4914	7422	5156	5600	25	3791	55294	7525	5159	5894	369	3845	324	4921	2260	1969	2321	2263	5979	1956	4893	7010	7428	3815	2444	5290	673	
repaglinide		6833	10060	367	1558	5468	3767	8856	169026	5078	1576	10644	3758	6934	9722	3784	4760	
reserpine		51053	4057	6863	7442	29994	10951	7298	6570	10919	7066	3757	3082	4023	8856	79915	5743	4137	6571	5243	367	1576	9682	54737	2796	4907	
resorcinol		5742	23632	760	759	771	1576	
retinol		9227	112724	5947	54884	3949	5959	5949	5328	5914	3757	8854	7038	220	2099	6256	581	6257	367	10901	57665	6010	3576	4780	7182	51109	6017	50700	6258	9249	216	145226	
ribavirin		7157	6532	3615	79068	3569	3949	3875	3106	7450	132	282617	7421	3107	3614	5167	1594	3606	4312	9153	1471	1956	3576	2030	22978	596	3704	120227	8638	4277	6097	949	216	3105	7432	101180976	285	
ribociclib		4851	6597	1029	5290	5925	5241	1021	2064	2099	1019	894	595	2100	896	673	4893	
riboflavin		672	645	3028	55312	
rifampin		1558	10599	84871	1555	28234	8856	7124	1557	5243	367	6579	1576	2950	23316	9750	1577	1545	1559	4843	1544	1565	
rifamycin		6579	28234	10599	11309	
rifapentine		367	1558	8856	1559	1576	
rilmenidine		150	152	1576	1565	
rilpivirine		8856	6336	
riluzole		11280	6326	6331	54207	6332	9367	3757	3783	3782	4864	23657	50801	6336	6328	6335	6329	1576	23435	7224	3776	6334	6323	3780	1544	
rimexolone		866	301	2101	2908	4780	
riociguat		3000	2982	2983	2974	2977	
ripasudil		9475	6093	
risedronate		2224	10919	4982	3553	
risperidone		54579	4908	54575	4160	2917	1312	2194	2895	27068	5999	6532	54659	207	54577	1814	51738	148	1268	4922	3354	3757	54658	54600	1571	150	8856	152	3356	3352	3269	9135	3355	1543	151	2904	7124	1557	54578	2913	5243	3952	11255	440275	3362	7082	3351	147	1813	154	6347	1576	8792	54657	345222	1815	1545	3350	54576	146	3064	7957	2166	25970	3358	1812	3363	1565	59340	255239	
ritonavir		1558	1551	7099	54659	345	54577	348	1555	387129	54658	4363	1571	8856	1244	282617	1557	5243	7421	1576	1577	3627	2648	1559	1544	1565	
rivaroxaban		5243	2153	2159	
rivastigmine		43	1103	590	1139	
rizatriptan		3354	3351	3352	3355	3350	
rocuronium		6579	1135	3359	1129	10599	5243	
roflumilast		5141	5143	5144	5142	
romidepsin		332	4297	1032	9734	55869	3845	3065	51564	1026	83933	4170	8841	3066	10013	1485	9759	2064	10014	79885	
ropinirole		3350	150	3351	152	1813	3352	3356	1816	3358	1812	151	1565	3357	1815	1814	
ropivacaine		6336	6331	1576	1727	2539	
rosuvastatin		27235	2328	11309	28234	221458	9429	1244	3156	10599	1577	1401	8647	3123	
rotigotine		3350	1813	1816	1812	151	1815	1814	
rotundine		1814	1812	1813	3350	
roxithromycin		7498	2862	6356	942	1576	3558	2150	154796	941	
rufinamide		11280	6326	6336	6323	6328	6335	6329	6331	2915	6332	10951	6334	
rupatadine		3269	5724	
rutin		5970	2548	1543	8644	4791	4790	5423	51426	7124	174	390245	
ruxolitinib		3717	3718	4352	64109	7428	1441	1576	5329	7297	10019	3716	3575	
safinamide		4129	11280	6326	6323	774	6328	6335	6329	6331	785	9254	784	781	6332	6334	
salicylic-acid		5742	9311	1645	5743	
salmeterol		1577	153	367	154	
sapropterin		7166	4846	5053	7054	
saquinavir		7099	8856	1576	3569	9420	5243	3417	6311	
saroglitazar		5465	5468	
sarpogrelate		3357	51053	3356	3358	
sasapyrine		5742	5743	
scopolamine		1128	1133	1131	1129	1132	6476	
selegiline		4129	1555	1559	1576	6869	1565	1557	6580	4128	
seratrodast		6915	5467	
serotonin		9177	3360	10919	3354	7253	3356	3352	3359	1816	3355	3357	3362	3351	3350	206358	2648	3358	1812	3361	3363	1544	
sertraline		7157	1312	3725	6532	6311	1072	1555	1636	6728	5243	1576	6531	1577	3350	983	2784	10536	1812	3105	7905	3417	
setiptiline		3269	3356	3358	
sevoflurane		2562	2563	2565	3736	54207	2568	2558	55879	2555	2890	6261	2741	2554	513	5243	51305	2556	2557	2743	779	2561	154	1576	2566	3776	2564	3777	2560	338567	27032	2567	2559	
sildenafil		2784	1577	4846	11309	8654	28234	5149	1636	7422	5148	1576	10599	5146	10057	
silibinin		2147	11309	51053	28234	1576	3028	3326	216	240	10599	3320	5243	10919	
silodosin		147	146	148	
simeprevir		1558	28234	1576	10599	1544	282617	1557	101180976	5243	
simvastatin		9177	1558	3990	5360	54659	221458	7057	7056	729230	5444	3123	348	19	2152	7364	3976	54658	54600	28234	8856	1244	5294	3953	1535	1557	23463	5243	7170	10002	367	9429	6262	1576	2628	23435	387	1577	4313	1071	4780	11309	116519	5465	1056	5347	1559	3689	3156	3363	1544	1565	3605	22937	3417	627	
siponimod		53637	1901	1903	1559	8698	
sirolimus		6198	4842	27436	7157	5447	6934	55294	207	1977	7248	3845	3683	5728	5562	5328	324	8856	1493	5241	6794	2260	7490	2247	5243	5602	581	3586	3717	2280	4170	4986	367	7052	1649	9429	4312	1644	2475	5292	1577	1956	201163	3484	4780	2288	54576	3574	5925	5934	6009	2064	3600	3265	1634	3605	5290	4763	
sitagliptin		2740	1803	139760	
sivelestat		1991	1990	
SN-38		8824	54575	54659	10599	9734	55869	3065	51564	54658	54600	4363	1066	1244	54578	83933	5243	8841	3066	9429	54657	590	10013	54576	9759	7150	10014	79885	
sofalcone		873	51053	2648	3248	7398	641	7421	4780	
solifenacin-succinate		1128	1133	1131	1129	1132	
somatostatin		4985	6753	6751	6754	6755	4988	6752	
sonidegib		51684	6608	4613	5727	1956	
sorafenib		6198	2324	51053	3791	207	51776	9748	1969	6732	4067	1576	6580	79623	4893	147746	5601	2064	5599	673	558	816	1432	23097	1558	4914	5156	5600	10733	5159	5894	3654	3845	1024	54600	7124	5602	4846	4916	2321	3091	7428	5596	3815	5290	11183	5603	7525	2872	5777	1436	1244	2260	9212	5243	3162	640	8289	5979	4915	1956	57551	3984	1559	28996	6790	4763	2248	7422	10599	369	8444	1555	50488	5728	4921	2261	6565	5597	5595	2322	6300	5598	4233	5594	25	
sotalol		367	3757	154	1559	1576	153	1544	1565	1557	3753	
spiperone		1814	148	3356	3352	1816	1557	3357	367	3362	147	1813	1815	3091	3350	4780	146	3358	1812	3363	1565	
spironolactone		5468	774	1490	153	6462	2908	9420	4306	1585	1579	1636	5241	785	8856	9254	784	1543	7124	7068	8913	5243	782	778	4846	367	779	118	154	781	786	773	1545	776	775	8911	9370	783	55799	1544	8912	
stiripentol		2567	2556	
sulfanilamide		1571	1559	1576	2539	1565	1557	
sulfaphenazole		1559	1576	3028	1544	1565	1557	4790	1725	
sulfasalazine		5468	9308	2539	4791	113235	7298	1719	5742	1147	5319	4524	3106	5743	4137	240	23657	38	9429	1576	3248	6916	1890	494514	3091	4907	3551	1559	1544	1565	
sulfinpyrazone		54600	4363	8856	1576	1244	3248	216	116085	390245	7421	10919	2357	
sulindac		5742	2328	8797	324	1565	5290	332	1559	1576	5743	6863	6256	1544	231	1557	390245	10919	4609	
sumatriptan		1621	361	3354	2784	3362	1312	3351	3356	1813	3352	3355	2641	3363	3361	3357	4988	3350	627	
sunitinib		2324	5447	7422	5156	3791	7525	5159	3845	1436	8856	28234	2260	80310	5155	8314	5782	5243	8242	5154	3162	7424	4846	5787	768	9429	1576	2321	5979	2263	1577	3091	1956	3576	56034	7428	2130	9970	2322	2064	3596	3815	55193	4288	
suramin		5320	2147	5031	6692	4914	4297	55775	2492	10951	2346	10919	5028	5965	6768	23408	23410	2237	6261	3028	10855	51426	2744	5029	4158	7421	53829	3458	1649	6262	5032	7398	54737	5024	9099	23411	5300	328	890	5290	5291	
tacrine		43	246	1576	1544	1565	590	
tacrolimus		2328	3562	1558	1551	5447	7099	6934	2875	387082	200186	221785	1573	5530	8856	1493	3290	1244	6361	6696	3586	2280	367	3767	9429	1576	54657	3606	3784	54576	11132	64127	5465	1565	50943	
tadalafil		1577	8654	50940	5141	
talazoparib		91607	5728	675	142	2064	5710	472	672	10038	3417	1956	
talinolol		1244	153	5243	
talipexole		150	10919	1813	3359	
tamibarotene		5916	5915	5914	5371	
tamoxifen		2147	2328	5580	4763	4914	7157	2326	5579	10682	51053	7040	2597	5590	1565	3074	22800	29994	10951	7298	2100	6311	632	1719	10919	1555	3084	5304	80781	8856	5241	2099	1244	8202	5578	5243	595	7421	8648	7052	1576	1906	2678	9682	144455	7033	94025	4654	5337	3316	5338	5584	1071	1588	5582	5581	354	2153	1559	2064	23090	83938	2852	6790	890	1544	672	5290	3417	5588	
tamsulosin		146	147	1576	1565	1577	148	
tasimelteon		4543	4544	
tazarotene		5915	5914	5371	596	7161	5916	4780	6257	
telaprevir		1990	5476	5241	1576	282617	101180976	1591	
telithromycin		367	1551	3757	1576	1544	1565	1577	
telmisartan		2784	387129	5468	185	3028	7398	10919	4780	
telotristat		121278	7166	
temozolomide		91607	2956	7157	546	3014	5728	675	1437	5617	5243	4609	10735	4851	545	472	4255	1956	9759	672	3417	
temsirolimus		2280	5728	7428	3845	4771	8856	2064	55294	207	1499	2475	5290	5243	673	1956	
teneligliptin		54878	91039	1803	
teniposide		7153	4363	355	7155	596	92815	10762	5243	
tenoxicam		5742	5743	1559	9682	29994	
tepoxalin		240	3565	
terazosin		1577	146	3064	147	1559	1576	1544	1565	1557	148	
terbinafine		8856	6713	3105	1565	
terguride		3350	150	3351	152	1813	3352	3356	3358	151	3357	1815	1814	148	
teriflunomide		3156	1723	
terlipressin		553	552	554	
tetrabenazine		6571	6570	5243	1565	
tetracaine		11280	6326	6336	6328	6323	6335	6329	6331	2539	6332	6334	
thalidomide		1642	7520	4790	2215	606500	3082	3106	9978	1493	2067	3570	5743	7450	2149	6555	2247	1557	7124	10	2214	2952	6137	51185	8451	5467	2263	9469	368	27233	1580	6687	538	3689	1499	1544	
thiamine		10560	27010	80704	
thiamylal		2554	3764	2567	3767	
thiethylperazine		1128	1133	1131	3356	1813	3358	3269	1129	1132	1812	1815	
thiocolchicoside		2743	2561	2566	2741	2554	
thioctic-acid		43	5743	
thioguanine		5631	3615	55270	10257	10919	4609	7170	367	9615	3614	8836	3248	7172	9682	7849	4255	4780	43	22978	655	2625	3043	552859	9	55816	3417	
thiomersal		7157	51053	6311	2237	246	3028	3417	6256	4923	247	7421	367	9971	3248	9682	839	5019	3064	4088	216	5594	3320	54106	5347	
thiopental		2558	1139	2891	2556	2557	1137	2166	2555	2898	2559	2554	
thioproperazine		3356	147	1813	1812	3350	148	
thiotepa		1555	367	51053	1576	2950	3248	216	7421	10919	
thiothixene		3356	1813	3269	1812	3417	6311	
tiagabine		6529	18	
tianeptine		4986	4985	4988	
tiapride		6336	1814	1813	
tibolone		4780	367	2099	
ticagrelor		2030	1576	10599	64805	1557	7364	64816	375033	
ticlopidine		5724	1555	3106	1565	1559	1576	3119	1544	64805	1557	3105	3107	3123	
tiludronate		4313	523	5770	3553	
timolol		153	154	1565	
tiotropium		1128	1131	154	1129	1565	
tiratricol		1559	7067	7068	3091	4780	
tirofiban		2244	2266	3690	3674	2243	
tivozanib		2324	5156	3791	2321	2064	3815	7525	5159	673	
tizanidine		367	11188	150	152	151	
tocainide		64326	6331	
toceranib		5156	3791	2321	2322	5159	
tofacitinib		3717	3718	6776	5777	5585	6777	7525	7297	3716	
tofisopam		367	1576	
tofogliflozin		6524	6527	6523	2645	
tolazamide		6833	3767	3758	9682	2539	10919	3766	
tolazoline		3274	150	152	1813	3269	151	148	
tolbutamide		6833	10060	3767	1559	3758	3764	2539	1557	
tolmetin		5742	5743	4353	
toloxatone		4129	4128	
tolperisone		1557	11280	1565	
tolterodine		1128	1133	1131	1559	1576	1129	1132	1544	1565	1557	
tolvaptan		554	552	367	
topiramate		11280	6326	2891	2562	6331	759	2563	2565	2898	6332	3643	2568	2558	2892	361	55879	2555	2899	760	2890	2900	8856	2901	2554	1557	2556	2557	6336	6328	6335	2561	2893	6329	771	2566	766	762	6334	2564	2897	2560	6323	2567	2559	
topotecan		116447	5728	238	7298	7157	546	5925	9429	7150	207	8528	94025	5290	5243	627	
torasemide		2784	1565	118	1636	100379251	1559	1576	1544	6557	1557	6559	
toremifene		7040	5241	1576	2099	1545	941	2100	
trametinib		7157	23152	2115	5609	25	6416	2539	2776	369	5894	3845	1029	5605	6794	2119	2261	2260	5608	5607	5604	5921	10735	1848	472	2065	342371	2263	5606	1956	4893	6714	2118	5583	7428	5925	1499	3265	3815	4233	2767	55510	5290	673	4763	
trandolapril		1636	1066	5789	
tranilast		27306	7157	54658	412	79915	3248	3269	5315	410	9367	4864	
tranylcypromine		4129	23028	4128	
trapidil		5156	1544	2261	
trazodone		1577	150	3356	147	3358	3269	6532	3028	2648	6530	1812	3357	3350	148	
trepibutone		1129	1132	1131	1128	
treprostinil		5468	64805	5733	5732	5739	5467	5731	5729	5734	
tretinoin		5371	332	4087	2521	54880	7101	10919	9052	5914	8854	190	3312	4613	4869	6256	5029	7421	6257	3586	5915	6096	1027	5467	7398	1577	3091	3576	4780	7182	596	5918	1559	6097	6258	2322	2648	216	5916	
triamcinolone		7040	2539	4790	2908	348	866	4023	285834	2247	1557	909	367	6513	1576	4312	590	4780	301	1394	1559	1544	1565	113263	
triamcinolone-acetonide		866	2908	
triamterene		3717	367	7068	7157	2548	3315	6338	2099	3028	3417	5467	1544	7054	6340	6337	3091	6339	4780	
trichlormethiazide		5742	760	5743	759	3778	6557	762	6559	
triclabendazole		387129	1786	51053	4137	2740	3320	3417	
triclosan		1786	367	3248	4088	6256	3320	4780	
trifluoperazine		816	7157	5999	6275	207	7134	10951	10919	6311	148	5893	7066	50632	3356	3269	2740	3988	1557	1437	801	1813	1576	7398	1815	338	7957	3358	1812	1544	1565	5594	
triflupromazine		1128	7157	1813	1129	1812	1544	1565	3357	
trifluridine		7157	2030	7298	2064	
triflusal		5742	4843	10846	3028	4790	
trihexyphenidyl		1312	155	1128	
trimebutine		4986	4985	4988	
trimetazidine		1544	10449	
trimethadione		8912	8913	8911	1576	
trimethoprim		1558	4353	1559	1576	2539	2944	1544	1565	1557	10951	7298	1719	
trimethoquinol		154	155	
trimipramine		1559	6532	6530	6531	1812	1565	1557	10951	
triprolidine		3269	10919	
triptorelin		2798	412	
tropicamide		1131	1132	
tropisetron		2742	2743	3725	3359	1576	3360	2741	3558	1565	6580	
trospium		1133	1128	
tryptophan		3620	206358	883	846	124274	10352	29994	10919	6582	
tubocurarine		43	9177	1135	3780	3359	3781	353174	3782	
ubenimex		6051	4048	
ufenamate		5742	5743	
umeclidinium		1128	1133	1131	1129	1132	1565	
urapidil		7253	1559	1557	3350	10919	
urea		3146	7066	6197	3172	3315	1508	760	366	383	7486	1499	3308	
ursodiol		9971	1646	2908	151306	
valethamate		1133	1132	1128	
valproic-acid		11280	6326	6331	9734	6332	3065	6324	18	4967	6330	6336	6328	6335	3066	6329	6327	6334	7915	36	6323	55800	
valrubicin		7153	7155	367	
valsartan		185	10599	
vandetanib		2043	558	1432	2324	2049	7422	51053	11183	5156	2042	3791	7525	90	5159	2041	3845	2044	5728	4058	2047	5605	324	5753	2260	2045	9212	1969	5604	2066	284656	238	695	2050	120892	3932	2321	2048	2065	5979	472	2475	285220	9475	1956	9448	6714	2046	7010	3064	2064	2534	25	2051	3417	7301	
vardenafil		1577	8654	5149	5148	
varenicline		1139	1548	1137	8973	1143	1141	1136	123688	
vasopressin		5021	4880	816	1432	5054	7060	3315	5587	1636	1576	554	6869	1869	553	552	1843	627	
vecuronium		1135	5243	
vemurafenib		4286	7157	6663	23152	5879	207	7525	5894	10734	3845	5296	5728	1029	5605	1436	5604	5243	10735	1576	342371	80243	1956	4893	3265	10000	4233	1544	5290	673	4763	
venetoclax		3418	5728	7157	596	599	2322	3417	4869	3492	25	5290	598	4170	673	3845	
venlafaxine		2892	55879	2568	1312	3351	3356	6532	6530	2289	2559	1565	1577	121278	5243	627	
verapamil		10062	3553	774	7040	6331	3779	6517	6532	9722	3949	7298	5328	3757	4363	785	2868	784	30820	3308	8913	5243	3559	782	581	778	4609	3744	222962	3767	779	1576	2950	53373	3743	786	773	3739	775	776	8911	3576	3762	783	130271	5789	219931	259232	
vernakalant		3741	1565	
vesnarinone		4907	3757	5139	7157	355	7057	1576	
vidarabine		136	51053	100	
vigabatrin		2550	140679	18	
vilazodone		3350	1813	6532	3269	3360	1576	1814	
vildagliptin		2740	1803	
vinblastine		347688	7200	7278	84790	7280	51053	3725	7846	10376	10381	347733	1026	8856	112714	7277	1081	10383	10382	7283	1437	5243	203068	51175	51174	81027	1576	2944	4313	113457	5744	6915	84617	354	5244	4763	
vinburnine		367	1128	1131	51053	1129	1132	
vincristine		55722	347688	4908	7278	7280	84790	546	51053	5290	7846	613	10376	7298	10381	347733	6717	3084	29102	4953	1356	4363	8856	112714	7277	1244	4613	7450	5294	10383	10382	2247	5243	203068	89845	7153	8714	367	81027	1027	6387	1577	822	113457	71	655	84617	2625	596	2938	10928	4088	5244	552859	55816	25	174	80339	627	
vindesine		81027	5243	203068	1576	
vinorelbine		347688	7278	7280	84790	7846	10376	10381	347733	675	324	112714	7277	10383	10382	7275	203068	581	81027	7515	840	6240	113457	6597	84617	2064	672	
vinpocetine		3757	1812	5137	10919	5136	
vismodegib		6469	6608	5727	
vorapaxar		9002	2149	2151	
voriconazole		5742	5970	1555	1577	9429	1559	1576	1565	1557	5243	
vorinostat		347688	7278	7157	84790	7280	51053	332	4615	55294	7846	9734	10376	55869	10381	347733	5728	3065	51564	1636	112714	4869	190	7277	10383	8314	10382	1080	83933	4609	203068	8841	6598	2146	3066	81027	7849	10013	113457	4780	84617	9759	5925	1108	2767	10014	673	79885	
vortioxetine		3362	3351	3356	3359	3358	6532	3363	3361	1565	3350	
warfarin		339105	1551	3172	5627	7157	1728	80821	7056	444	632	348	4734	4524	54658	7450	1543	1557	5624	5243	7421	1788	2621	2626	112755	154807	1576	1577	338	57834	213	6810	2356	9970	1559	1544	79001	
xylazine		150	151	152	
xylometazoline		146	150	152	147	151	1565	148	
yohimbine		3764	1814	10919	3768	3766	3354	150	152	3356	3352	3355	151	3357	3767	3351	3770	1813	3758	3350	3358	3363	3361	1565	1812	3772	
zafirlukast		10800	367	57105	5468	51053	2648	1559	2053	5423	5594	1544	1565	1557	7398	29994	7421	4780	
zidovudine		1548	10864	5447	9356	7012	10257	1555	1841	4363	1571	9376	4831	1557	55556	5617	5243	3586	7083	55867	9429	1576	3627	9154	64078	1559	2322	1544	1565	10057	7364	4830	7015	
zileuton		1559	1576	4321	240	1565	1557	4313	9692	
ziprasidone		4160	1133	1131	6532	5999	153	1814	10919	148	3354	1128	150	152	3356	3352	3269	1816	3359	151	367	1139	440275	3362	3351	147	1813	1132	1577	1815	3350	3358	1129	1812	3363	
zoledronic-acid		2224	9453	
zolmitriptan		3354	3351	3352	3360	3355	3350	
zonisamide		11280	6326	377677	6331	759	56934	6332	361	765	11238	760	767	6324	8913	4129	6330	6336	6328	6335	23632	768	6329	761	771	763	6327	1576	766	762	6334	8911	6323	770	55800	3105	8912	4128	
zotarolimus		2280	2475	
zotepine		3354	3350	3362	3351	3356	1813	3352	3269	3358	6530	6532	151	3363	1815	1814	
zuclopenthixol		150	3356	1813	3269	1816	1812	1544	1565	148	
