African-trypanosomiasis		3458	9099	5024	5028	5029	6692	10919	5032	5031	5290	5291	2346	4914	5300	2744	2492	2237	4158	53829	10951	5320	4297	328	5965	54737	3028	55775	51426	2147	7398	10855	23408	1649	23410	6768	23411	6261	6262	890	7421	
Alzheimers-disease		10919	6506	43	367	
Buergers-disease		1544	154	1565	
Burkitts-lymphoma		1576	1577	1548	1551	1555	1557	1558	1559	1562	1565	
Crohns-disease		1544	1576	113263	1394	1906	4306	1557	1559	8856	5241	2908	1565	
Cushings-syndrome		1545	2796	1583	1588	2678	7033	7038	
Ehlers-Danlos-syndrome-(EDS)		153	154	5243	150	
Ewings-sarcoma		1565	10919	1544	1576	328	7068	5965	367	6256	6097	2099	5430	246	3064	5467	2908	7421	
Gaucher-disease		1565	7357	
Graves-disease		4353	7173	1733	3559	1544	2697	4650	3952	5617	627	3123	1557	7124	1559	7157	5564	1565	
Hodgkins-lymphoma		1544	1576	2539	1869	5328	2936	1557	1559	216	1565	4255	
Huntingtons-disease		6570	5243	6571	1565	
Kaposi-sarcoma		2944	1026	81027	6915	10376	84617	10381	10382	10383	3725	8856	4763	1437	7200	7846	1576	347688	113457	84790	1081	203068	112714	347733	4313	354	51174	51175	51053	7278	7277	7280	5744	7283	5243	5244	
Lambert-Eaton-myasthenic-syndrome-(LEMS)		2593	6035	217	1742	
Menieres-disease		3269	11255	
Non-24-Hour-Sleep-Wake-Disorder		4544	4543	
Pagets-disease		5802	523	
Parkinsons-Disease		3361	3352	50632	1815	1816	152	1812	1813	3350	3351	151	1814	150	3356	3357	3358	
Raynauds-disease		1544	154	1565	
Refetoff-syndrome		4780	3091	1559	7067	7068	
Tourettes-disorder		6531	6532	775	255239	84107	1804	3339	219790	1812	7957	1814	1813	3352	1816	3350	1432	3356	3357	1565	3358	1312	4129	290	3363	3359	1576	10280	1577	4907	3756	1815	2475	3757	340273	818	4922	285242	84159	9152	4160	1861	3269	2890	1742	6863	11214	440275	2900	2902	2903	2904	4825	22874	3164	84062	3557	6505	3308	51053	5997	3949	9456	367	627	4852	7157	2166	1268	6517	6261	5243	
Waldenstroms-macroglobulinemia-(WM)		640	4609	3718	4615	2064	2066	660	1565	1956	695	6714	472	5336	3932	7006	4067	7525	2534	3055	7157	3702	4088	7294	
Wilms-tumor		1565	10919	1544	1576	328	7068	5965	367	6256	6097	2099	5430	246	3064	5467	2908	7421	
Wolff-Parkinson-White-Syndrome-(WPW)		55361	9154	9153	55300	60482	134	135	136	54795	140	64078	
Zellweger-syndrome		9377	1346	1345	1349	1350	5319	1351	151306	1066	1327	1339	1329	1340	2104	2235	2172	126	
Zollinger-Ellison-syndrome		51426	2214	1544	1576	3274	4842	55244	146802	222962	1557	6582	5243	1565	
abdominal-distension		1636	1576	553	554	552	1869	816	4880	1843	7060	627	6869	3315	1432	5587	5021	5054	
abstinence-from-alcohol		2560	2561	2562	2563	2564	2565	2566	2567	2568	55879	2902	2903	2904	2905	2906	116443	116444	2915	2554	2555	2556	2557	2558	2559	
acetaminophen-overdose		6531	1147	4493	3480	7450	48	4914	653509	3014	54472	1869	5970	2902	2903	2904	2906	116443	3164	3551	95	390245	23657	3949	6517	2937	3579	
acne-vulgaris-(AV)		7398	6256	6257	6258	5914	5915	5916	
acquired-immunodeficiency-syndrome-(AIDS)		3586	55556	1544	4363	9356	1548	10257	2322	1555	1557	1559	1565	9376	1571	1576	3627	7083	1841	55867	9154	7364	5447	10057	64078	9429	4830	4831	7012	7015	10864	5617	5243	
acromegaly		4609	1544	146	147	1812	148	1814	3351	3352	1816	1813	150	3356	3357	3350	3358	151	152	3362	3363	10919	4780	1815	2353	6295	3558	2668	367	3952	4852	5243	7421	
actinic-keratosis-(AK)		3439	51053	51284	51311	
acute-abdominal-visceral-spasm		1128	1129	1131	1132	1133	
acute-coronary-syndrome-(ACS)		8704	51716	1544	1555	1557	1558	1559	1565	64805	1576	1577	1066	29104	8529	3673	3690	5742	4846	375033	5243	
acute-glomerulonephritis-(AGN)		771	1636	762	759	4878	23632	183	760	4314	6557	766	6559	
acute-intermittent-porphyria-(AIP)		1544	5004	5005	146	147	1812	7957	148	1813	8856	150	7066	1816	3356	3357	1565	3350	3358	801	3362	3363	1571	1559	1814	1576	1815	3757	7224	4922	3269	59340	6609	9429	3417	1128	1131	3308	627	7157	885	151	5243	152	
acute-lung-injury		1990	1991	
acute-lymphoblastic-leukemia-(ALL)		10951	1544	1576	6311	2475	10919	3757	79915	7153	690	7155	1812	1557	3028	1559	1565	
acute-myeloid-leukemia-(AML)		6606	7150	7153	7155	1437	
acute-promyelocytic-leukemia-(APL)		5915	5914	5371	5916	
adrenal-cortical-carcinoma		4780	3757	1583	1584	6097	1555	2099	472	
adrenal-diagnostic-agent		8856	1576	1584	
aggressive-systemic-mastocytosis-(ASM)		51426	2214	1544	1576	3274	4842	55244	146802	222962	1557	6582	5243	1565	
allergic-rhinitis		4864	5315	1956	2246	9641	3562	6283	4780	6284	367	2548	5141	29110	9367	3320	5144	5143	5142	
amblyopia		2980	2149	1128	1129	1577	3627	1132	1133	1131	367	1588	150	
amebiasis		2532	10919	1544	1576	2539	259249	51284	1557	1559	54106	1565	445	
amenorrhea		7299	367	
amyotrophic-lateral-sclerosis-(ALS)		4864	1544	23435	11280	9367	1576	3757	6323	6326	6328	7224	6329	6331	6332	6334	6335	3776	54207	6336	3780	3782	3783	23657	50801	
anaphylactic-shock		7170	146	3091	1812	148	150	147	151	153	51738	155	154	152	4137	5291	4780	2475	2237	5053	831	328	5965	7124	3028	5602	51426	390245	2539	8692	6517	4982	7421	
androgenetic-alopecia		8837	1544	1576	4780	7052	367	2260	1557	1559	6715	6716	1565	6718	
anemia		4609	7298	3589	2950	54790	3976	171023	54802	2322	919	25	7066	4255	79915	4780	174	2624	5328	6097	978	216	3417	4088	2908	6876	3043	51053	367	7157	2678	3064	1786	1788	7038	
anesthetic		2560	2561	513	2563	2562	2565	2564	338567	2567	2568	2566	779	27032	3736	2741	2743	54207	3776	3777	3778	55879	2890	51305	6261	2554	2555	2556	2557	2558	2559	
angina-pectoris		153	154	
angioedema		5241	1573	1544	1576	6347	1356	2798	367	2099	1559	3576	4153	114814	93659	5340	1565	412	
ankylosing-spondylitis		1559	5743	
anorexia		2328	43	1131	1813	
anterior-uveitis		866	4780	301	2101	2908	
anthrax		9986	7153	3569	2936	5243	
anticoagulent		54822	40	7177	7113	715	41	5644	7032	7124	216	9311	
anxiety		3363	3356	3350	3358	
aphthous-ulcers		4864	5315	1956	2246	9641	3562	6283	4780	6284	367	2548	5141	29110	9367	3320	5144	5143	5142	
arteriosclerosis		1544	154	1565	
ascariasis		7846	1544	51053	10383	203068	
aspergillosis		1576	1577	5742	5970	1555	1557	9429	1559	5243	1565	
asthma		9575	1843	169044	2740	1395	154	
astrocytoma		1544	1576	2539	1869	5328	2936	1557	1559	216	1565	4255	
atherosclerosis		148	150	
atrial-fibrillation-(AF)		1577	9429	2159	
attention-deficit/hyperactivity-disorder-(ADHD)		6530	6531	6532	7253	2902	2903	2904	2905	2906	116443	116444	1565	
backache		10951	1544	1576	5742	5327	5743	6288	1557	213	1559	3576	1565	
bacterial-septicemia		9682	5444	10919	
basal-cell-carcinoma-(BCC)		3439	51053	51284	51311	
benign-prostatic-hyperplasia-(BPH)		6336	10919	11280	146	147	148	2548	6326	6323	6328	6329	3028	6331	6332	6334	6335	
bile-acid-synthesis-disorders		9377	1346	1345	1349	1350	5319	1351	151306	1066	1327	1339	1329	1340	2104	2235	2172	126	
bile-stimulation		6311	10919	51053	9682	9429	3417	7421	64127	
bipolar-disorder		4160	56899	9135	25970	1813	3350	1814	5243	3358	
bladder-cancer		4609	3074	7172	2052	4613	8714	10	3084	51727	2064	10257	2067	2068	2072	2074	540	545	1571	55332	1576	4137	2099	6714	285761	581	3146	79444	596	1111	2648	4089	55902	4191	6240	5728	10849	98	10848	390245	4193	374378	1647	1649	6772	4214	5243	126	2175	2176	7298	6790	6794	1677	92815	150677	8856	4255	672	7329	675	4771	10919	2729	5290	2730	4780	7852	3248	1728	10951	54474	4300	207	5328	2260	2261	216	2778	1244	3308	238	3312	147700	246	1786	7422	51455	3845	5894	79623	5893	4363	5917	4893	1312	3360	290	5925	1317	4915	2880	328	331	1869	5965	7508	3417	7515	2395	5980	7520	355	7012	2922	366	5999	2938	3458	2950	3976	2952	7052	3980	4494	4496	9121	1956	4524	6573	6582	4036	6597	4548	406991	54737	3028	8661	472	283106	995	2539	7150	3569	5617	4595	1015	7157	2551	7161	
bloating		3620	10919	29994	846	10352	124274	883	6582	206358	
bone-and-joint-infections		9682	5444	10919	
bradycardia		153	154	155	
brainstem-glioma		1544	1576	2539	1869	5328	2936	1557	1559	216	1565	4255	
breast-cancer		1026	3589	1545	7178	1548	9231	2064	10257	2067	1557	1558	1571	1576	1588	3643	3135	64065	581	3667	7252	595	3161	5728	3683	1124	8812	627	5243	7298	81029	6790	4233	84618	5788	673	5290	5296	1728	7372	9429	214	2264	218	2778	1244	4842	3309	4846	26354	3831	9978	153339	7422	6401	55556	3845	2308	79623	1806	1807	8490	1841	2356	324	5444	6470	85320	10057	332	1869	117583	7515	5980	7517	7518	1890	355	868	8549	10599	873	874	2950	9619	5528	3486	22943	1956	85413	4524	6573	9156	472	63970	3043	995	4583	3559	407018	84465	3570	7153	7157	4089	4602	
bronchial-hyperresponsiveness-diagnostic		1129	154	1132	
bronchitis		1128	1129	1131	1132	1133	
bronchospasm		154	1565	1557	
bulimia-nervosa		6532	1544	15	1812	3350	3351	3481	3356	3357	1565	3360	6311	1576	1577	3757	84152	5054	55107	6728	7905	1636	4843	367	2289	1394	627	2932	222962	5243	7166	
bursitis		4609	7298	133	1544	4363	7054	7442	1557	1559	6295	1565	2214	2215	1576	3753	4780	174	942	2739	185	9536	8644	2247	5320	3784	145482	332	113235	5465	5468	1636	10468	3689	2026	5742	5743	1649	11251	627	6517	2678	6778	
cachexia		5241	2908	
carcinoid-tumors		6752	4353	354	6753	6755	4771	5291	5294	9170	3484	7038	6751	
cardiac-arrest		7170	146	3091	1812	148	150	147	151	153	51738	155	154	152	4137	5291	4780	2475	2237	5053	831	328	5965	7124	3028	5602	51426	390245	2539	8692	6517	4982	7421	
cardiac-arrythmia		801	6331	
cardiomyopathy		1356	1807	7153	7155	5243	5599	
cattle-grubs		1139	5027	5243	
caudal-epidural-block		6336	3976	2251	3084	4654	590	3312	7124	3736	6329	6331	3741	
celiac-disease		768	771	1544	1548	1553	1557	1559	1565	1576	4780	23632	5340	1508	2158	760	759	632	762	765	
central-diabetes-insipidus		552	553	554	5021	
cerebral-artery-occlusion		776	775	367	
cerebral-cholesterosis		3290	9971	
cerebral-vasospasm		1024	9475	23683	3845	25865	9212	10000	1565	1576	10110	57396	6197	6198	120892	5566	5567	11200	5569	2624	5580	1613	5582	207	6093	5588	867	868	9448	5613	1020	1022	
cerebrovascular-insufficiency		3360	3361	3362	3363	4137	1815	367	1816	148	1813	3350	1812	152	153	1814	3356	3359	
cervical-cancer		5728	546	7298	5925	94025	5290	238	207	8528	7150	627	7157	9429	5243	116447	
chest-congestion		1636	1128	1129	43	1132	1133	1131	1135	
chicken-pox		3586	6564	5965	25	4860	1791	
chlamydia		1544	4363	1557	3605	1559	8856	1565	1576	1577	3757	2862	581	7498	596	1244	3553	5347	2150	2539	5243	
cholera		1604	1576	3146	1557	216	
cholesterol		5465	5467	5468	
chronic-eosinophilic-leukemia-(CEL)		4609	25989	3717	1029	2952	1544	4233	3845	2444	780	10257	2322	1555	25	27	1436	4763	673	10018	5155	5156	1572	4771	1956	1576	5159	1577	6573	4914	6579	57396	6580	6583	6584	4921	10941	959	1728	3654	2120	81608	331	332	57551	10320	5583	92241	9429	8534	2139	3932	1244	1499	861	5979	5602	4835	4067	7525	613	3815	238	6517	4088	4089	2810	5243	5244	
chronic-immune-thrombocytopenia-(ITP)		6850	5925	
chronic-kidney-disease-(CKD)		51053	846	
chronic-lymphocytic-leukemia-(CLL)		1576	1577	1548	1551	1555	1557	1558	1559	1562	1565	
chronic-myeloid-leukemia-(CML)		6789	6793	2444	25	57118	1956	11183	818	6714	23235	10188	150094	23387	4067	5604	5605	2534	613	8428	3055	1017	10746	7294	
chronic-myelomonocytic-leukemia-(CMMoL)		4609	7298	3589	2950	54790	3976	171023	54802	2322	919	25	7066	4255	79915	4780	174	2624	5328	6097	978	216	3417	4088	2908	6876	3043	51053	367	7157	2678	3064	1786	1788	7038	
chronic-obstructive-pulmonary-disease-(COPD)		1128	1129	1131	1132	1133	
chronic-renal-failure		771	1636	762	759	4878	23632	183	760	4314	6557	766	6559	
chronic-stable-angina		1636	774	775	1576	1577	778	776	779	781	4878	783	786	183	
chronic-venous-insufficiency-(CVI)		51426	196	5423	9682	5429	
claudication		1544	1576	1577	7056	5139	5140	7253	1557	1559	216	1437	1565	7422	
colitis		10951	1576	10919	7498	1387	4780	8654	5328	146	1557	5142	1559	5144	7066	1565	10846	
colorectal-cancer		1026	3589	1545	7178	1548	9231	2064	10257	2067	1557	1558	1571	1576	1588	3643	3135	64065	581	3667	7252	595	3161	5728	3683	1124	8812	627	5243	7298	81029	6790	4233	84618	5788	673	5290	5296	1728	7372	9429	214	2264	218	2778	1244	4842	3309	4846	26354	3831	9978	153339	7422	6401	55556	3845	2308	79623	1806	1807	8490	1841	2356	324	5444	6470	85320	10057	332	1869	117583	7515	5980	7517	7518	1890	355	868	8549	10599	873	874	2950	9619	5528	3486	22943	1956	85413	4524	6573	9156	472	63970	3043	995	4583	3559	407018	84465	3570	7153	7157	4089	4602	
common-cold		1129	1565	10919	
congenital-adrenal-hyperplasia		2944	7298	3458	7172	2950	1544	55816	655	1557	1559	7450	552859	796	5788	1565	1576	301	29102	494514	4155	4158	2625	3028	1493	3290	2908	348	3689	367	6387	2938	5243	7038	
congenital-heart-defects		5729	117155	5732	1559	5731	6915	1544	1576	5734	5739	347732	1557	378807	117144	1565	
congestive-heart-failure		6548	6553	57113	26	10919	40	41	1579	3762	5311	6337	6338	6339	6340	51393	9033	5328	3028	9311	
conjunctivitis		4864	5315	1956	2246	9641	3562	6283	4780	6284	367	2548	5141	29110	9367	3320	5144	5143	5142	
constipation		1181	1191	
contact-dermatitis		5319	4780	301	367	2908	
contraceptive		5241	2099	51053	367	
coronary-artery-disease-(CAD)		1636	774	775	1576	1577	778	776	779	781	4878	783	786	183	
coronary-artery-restenosis		2280	2475	
coronary-heart-disease		1576	79915	4780	2030	7066	
corticosteroid-responsive-dermatoses		1576	866	2908	
cosmetic		3290	3291	28234	10599	
cough-suppressant		1536	6530	6532	2074	1565	1576	10280	653361	4688	4689	1143	2905	116443	10857	1135	1136	1137	1139	1141	5879	5880	4985	4986	5243	4988	1535	
cutaneous-T-cell-lymphoma-(CTCL)		641	7398	2648	10062	6256	6257	6258	8856	5468	5599	
cutaneous-candidiasis		56302	4886	4887	8856	7226	
cutaneous-mast-cell-tumors		5156	5159	3791	2321	2322	
cyclitis		5925	2214	2215	1576	1577	4780	301	947	581	3146	4306	80339	7259	2908	5340	3931	866	2539	367	6898	4851	29940	632	250	5243	7038	
cycloplegia		2980	2149	1128	1129	1577	3627	1132	1133	1131	367	1588	150	
cycloplegia-diagnostic		1131	1132	
cystic-fibrosis		1080	1756	367	
cystic-hydatid-disease		1573	7846	1544	79915	51053	10383	3315	203068	
cystic-ovaries		114814	2798	
cystinosis		1080	4887	6750	10919	
dandruff		390245	10919	79915	51053	367	9682	7157	3320	4986	3064	
deep-vein-thrombosis-(DVT)		813	8529	2677	79001	5243	348	
depression		4544	5243	3356	3357	3358	4543	
dermatitis		5136	5141	5142	5143	5144	5150	
dermatitis-herpetiformis-(DH)		3105	3106	1544	1576	1719	2539	2796	3123	1559	1565	1727	
dermatofibrosarcoma-protuberans-(DFSP)		4609	25989	3717	1029	2952	1544	4233	3845	2444	780	10257	2322	1555	25	27	1436	4763	673	10018	5155	5156	1572	4771	1956	1576	5159	1577	6573	4914	6579	57396	6580	6583	6584	4921	10941	959	1728	3654	2120	81608	331	332	57551	10320	5583	92241	9429	8534	2139	3932	1244	1499	861	5979	5602	4835	4067	7525	613	3815	238	6517	4088	4089	2810	5243	5244	
dermatographism		1128	3269	
dermatomyositis		2944	7298	3458	7172	2950	1544	55816	655	1557	1559	7450	552859	796	5788	1565	1576	301	29102	494514	4155	4158	2625	3028	1493	3290	2908	348	3689	367	6387	2938	5243	7038	
dermatosis		3269	1544	1577	1576	3757	1557	1559	1565	
diabetes-mellitus		23269	8972	6476	4023	2548	6517	279	
diabetic-nephropathy		4321	185	1636	10919	59272	4650	1803	4843	2796	5294	4048	5054	1588	4313	4318	6750	
diarrhea		7296	3725	207	595	5594	5595	3551	
diphtheria		1544	4363	1557	3605	1559	8856	1565	1576	1577	3757	2862	581	7498	596	1244	3553	5347	2150	2539	5243	
dizziness		1544	1576	1815	152	148	1813	3350	1557	1814	150	3357	1565	
drowsiness		1636	1128	1129	43	1132	1133	1131	1135	
dry-eye-syndrome		124056	5225	643834	
duchenne-muscular-dystrophy-(DMD)		1080	1756	367	
duodenal-ulcer-disease		3586	2952	1544	9356	1557	1559	8856	1565	3105	3106	3107	6564	6565	1576	3119	3122	3123	5429	3127	51426	
dyschromia		1728	3553	7299	2950	10919	4780	3248	7153	6097	3091	1588	3028	4790	596	3576	7066	958	
dyskinesia		136	140	134	135	
dyslipidemia		5465	1180	
dyspareunia		2099	1555	2100	1559	
dyspepsia		2328	43	1131	1813	
dysthymic-disorder		6530	80036	6311	1544	1576	2475	1812	7157	7253	1559	5243	1565	
ear-infections		3586	2952	1544	9356	1557	1559	8856	1565	3105	3106	3107	6564	6565	1576	3119	3122	3123	5429	3127	51426	
eczema		3074	5539	5320	3736	2908	
edema		4780	6557	6558	
emphysema		1128	1129	1131	1132	1133	
encephalomyelitis		11280	1565	1557	
endocarditis		9682	5444	10919	
endocrine-adenoma		51426	2214	1544	1576	3274	4842	55244	146802	222962	1557	6582	5243	1565	
endogenous-uveitis		387129	2908	367	
endometriosis		5729	6915	5731	5733	5737	
endotracheal-intubation		1129	590	1135	
enteritis		1544	55816	197131	3084	1557	1559	1565	1576	2625	70	6223	1103	1119	2158	5745	2678	2168	5243	7298	6281	3726	655	6295	8856	4780	2744	185	190	653509	5836	4306	6361	5858	4843	3312	10993	4851	7412	7421	83716	1800	4880	5914	3363	5925	1831	3880	2348	301	4914	332	6476	338	5970	6999	5979	2908	7003	367	6517	7038	54658	2950	9607	3976	7049	4494	552859	3484	7069	7082	942	494514	5054	8660	1493	2516	1499	8692	6646	1015	4088	1017	1019	1021	
enterocolitis		1128	1131	
ependymoma		1544	1576	2539	1869	5328	2936	1557	1559	216	1565	4255	
epicondylitis		2944	7298	3458	7172	2950	1544	55816	655	1557	1559	7450	552859	796	5788	1565	1576	301	29102	494514	4155	4158	2625	3028	1493	3290	2908	348	3689	367	6387	2938	5243	7038	
epilepsy		771	759	760	762	766	
episcleritis		5321	4780	2908	367	
erectile-dysfunction		384	113451	4843	6541	4846	222545	6545	435	84889	445	
erosive-esophagitis-(EE)		496	1557	495	
erythrasma		1544	4363	1557	3605	1559	8856	1565	1576	1577	3757	2862	581	7498	596	1244	3553	5347	2150	2539	5243	
esophageal-candidiasis		1544	1576	23435	1557	213	1559	3320	1595	1565	
esophageal-varices		2864	2161	2167	5338	338557	
estrus		5241	367	
exercise-induced-bronchoconstriction-(EIB)		54659	56934	1544	1576	1577	4363	10060	11309	4300	10800	4048	240	1557	1558	1559	4056	64409	1565	
extrapyramidal-symptoms-(EPS)		1128	6531	3269	
eye-inflammation		5321	2908	367	
eye-irritation		1565	148	1813	150	
facial-hair-reduction		384	4953	10919	
fatigue		1636	1128	1129	43	1132	1133	1131	1135	
fescue-toxicosis		79915	3757	1813	1814	5243	1565	
fever		8704	51206	1544	9	3082	10	3084	27159	1559	1565	136227	1576	161835	3115	3116	3119	3123	6197	9278	4170	2638	7248	3156	8792	3673	3162	3674	9311	1636	5733	5732	2149	3176	3690	5739	1645	5742	5743	2670	1649	5741	2162	10873	134	23177	2207	5290	174	4790	4791	183	4792	2247	5321	5335	51422	10463	6892	3309	4846	375033	2811	6915	6916	54578	4914	8529	5468	355	1909	53632	7040	6539	80781	7067	5028	5562	5563	5564	7098	5565	5571	8660	4056	3551	3553	3565	7157	3576	
fibrinolytic-bleeding		4018	5340	5327	
fibromyalgia		6530	6532	161357	150	3350	
filariasis		240	5742	
first-aid-antibiotic		3416	5617	4057	
first-aid-antiseptic		6336	1565	7398	
flea-control		1576	43	11069	
follicular-lymphoma		5728	30849	146850	3845	5286	5287	5288	5289	5290	2475	5291	23533	5294	5295	2064	5296	5293	8503	
fungal-infection		672	11201	51426	641	5347	29127	3417	328	10411	4780	11069	3091	5429	3064	7421	2237	7486	
fungicide		4780	203068	7157	
gallstones		3290	9971	
gastric-adenocarcinoma		1026	3589	1545	7178	1548	9231	2064	10257	2067	1557	1558	1571	1576	1588	3643	3135	64065	581	3667	7252	595	3161	5728	3683	1124	8812	627	5243	7298	81029	6790	4233	84618	5788	673	5290	5296	1728	7372	9429	214	2264	218	2778	1244	4842	3309	4846	26354	3831	9978	153339	7422	6401	55556	3845	2308	79623	1806	1807	8490	1841	2356	324	5444	6470	85320	10057	332	1869	117583	7515	5980	7517	7518	1890	355	868	8549	10599	873	874	2950	9619	5528	3486	22943	1956	85413	4524	6573	9156	472	63970	3043	995	4583	3559	407018	84465	3570	7153	7157	4089	4602	
gastritis		5594	2357	2247	
gastroesophageal-reflux-disease-(GERD)		51426	2214	1544	1576	3274	4842	55244	146802	222962	1557	6582	5243	1565	
gastrointestinal-acidosis		1131	1132	
gastrointestinal-infections		7153	3458	7155	3558	
gastrointestinal-parasites		9568	367	6256	2550	5467	
gastrointestinal-roundworms		1544	51053	2740	3417	203068	
gastrointestinal-stromal-tumors-(GIST)		4609	25989	3717	1029	2952	1544	4233	3845	2444	780	10257	2322	1555	25	27	1436	4763	673	10018	5155	5156	1572	4771	1956	1576	5159	1577	6573	4914	6579	57396	6580	6583	6584	4921	10941	959	1728	3654	2120	81608	331	332	57551	10320	5583	92241	9429	8534	2139	3932	1244	1499	861	5979	5602	4835	4067	7525	613	3815	238	6517	4088	4089	2810	5243	5244	
gastroparesis		2328	43	1131	1813	
gender-dysphoria		412	2798	
general-anaesthetic		2560	2561	2562	2563	2564	2565	2566	2567	2568	55879	151	2554	2555	2556	2557	2558	2559	
generalized-anxiety-disorder-(GAD)		10919	1577	4780	5617	1813	3350	216	
generalized-demodicosis		148	4780	150	
genital-warts		3439	51053	51284	51311	
genitial-herpes		3586	6564	5965	25	4860	1791	
genitourinary-tract-infections		3586	2952	1544	9356	1557	1559	8856	1565	3105	3106	3107	6564	6565	1576	3119	3122	3123	5429	3127	51426	
gestational-choriocarcinoma		514	1027	7170	1544	55816	3082	8202	8714	10257	1557	1559	1565	3107	1576	55867	3133	3135	2625	581	28234	10320	113235	595	100	3704	7298	8836	6279	135	6283	655	3736	259232	9376	5797	6822	10919	2215	4780	174	1719	2744	84159	5836	9429	2264	1244	3809	4846	3824	240	6898	4851	3316	7421	50943	55556	4363	270	2322	5925	2346	2348	54575	54576	54577	5423	54579	54578	5429	4914	2356	3385	6470	54600	328	332	1869	23384	3417	5468	2908	10599	6504	2944	54657	54658	54659	646023	114571	23435	552859	6573	29102	6579	7099	11201	4552	54737	3028	471	7128	3557	3558	9194	11252	7157	6648	
gestational-trophoblastic-disease-(GTD)		1565	10919	1544	1576	328	7068	5965	367	6256	6097	2099	5430	246	3064	5467	2908	7421	
giardiasis		390245	10919	79915	51053	367	9682	7157	3320	4986	3064	
glaucoma		1128	1129	1131	1132	1133	
glioblastoma		1544	1576	2539	1869	5328	2936	1557	1559	216	1565	4255	
goiter		4353	7173	1733	3559	1544	2697	4650	3952	5617	627	3123	1557	7124	1559	7157	5564	1565	
gonorrhea		3586	2952	1544	9356	1557	1559	8856	1565	3105	3106	3107	6564	6565	1576	3119	3122	3123	5429	3127	51426	
gout		23040	54657	54658	54659	64388	1544	1557	1559	28951	1565	1576	128553	54575	54576	54577	54578	54579	170679	316	5311	22854	54600	100130889	7498	5460	9429	360158	79718	4855	
gram-positive-bacterial-infections		9099	2194	4886	2584	7068	222236	1576	4137	29994	10411	4780	7341	7849	5423	3248	2099	5429	3064	3002	7415	2746	11069	3320	4170	6097	9682	3028	7253	6613	2648	3417	4088	5467	5347	7398	51053	367	3312	7157	246	247	6392	7421	
hairy-cell-leukemia		7040	1026	84618	56616	4780	5422	5426	5427	50484	331	56655	599	54107	6240	6241	1633	100	7525	3559	7157	4860	
head-and-neck-squamous-cell-carcinoma-(HNSCC)		81027	10376	84617	10381	10382	10383	8856	4133	4134	7846	347688	4137	113457	84790	203068	112714	596	347733	7277	7278	7280	
headache		1636	1128	1129	43	1132	1133	1131	1135	
heart-attack		3329	54658	54659	1803	7052	5243	221458	19	1557	3990	1558	8856	22937	1559	1565	3363	116519	1576	1577	3627	1581	5294	1071	11309	2224	3123	949	185	29116	959	4547	5444	7364	196	2247	5447	28234	5327	338	7124	3156	9429	9177	5467	1244	348	5602	355	1636	3684	27235	10599	3559	4842	3949	624	64241	3953	6262	6646	632	7035	
heart-block		153	154	155	
heartburn		9682	3274	6863	2247	
heavy-leg-syndrome		51426	196	5423	9682	5429	
hemorrhage		552	5021	
hemorrhagic-cystitis		2950	1576	1577	3308	1548	5742	1551	3569	1555	1562	7157	1557	1559	8856	1558	1786	4255	
hemorrhoids		3684	581	2247	4842	7450	3308	5294	146	147	148	1813	1812	4914	154	
heparin-induced-thrombocytopenia-(HIT)		2147	2149	
hepatic-cirrhosis		771	1636	762	759	4878	23632	183	760	4314	6557	766	6559	
hepatic-encephalopathy-(HE)		6019	7852	5294	2993	6517	
hepatic-injury		6531	1147	4493	3480	7450	48	4914	653509	3014	54472	1869	5970	2902	2903	2904	2906	116443	3164	3551	95	390245	23657	3949	6517	2937	3579	
hepatitis-B		3315	3303	
hepatitis-C		3315	3303	
hepatocellular-carcinoma-(HCC)		1024	2064	3091	9748	1555	1558	1559	25	5156	5159	1576	558	6198	23097	51776	3654	6732	3162	5728	8289	5243	640	6790	4233	5777	4763	6300	673	5290	2248	207	57551	3791	2260	2261	1244	3815	4846	8444	7422	7428	3845	5894	79623	2321	2322	2324	4893	147746	816	4914	4915	4916	2872	4921	50488	28996	54600	5979	7525	10599	51053	369	3984	1432	1436	1956	6565	11183	1969	6580	7124	5594	5595	5596	5597	5598	5599	5600	5601	5602	5603	4067	10733	9212	
heterotopic-ossification		5802	523	
hip-dysplasia		240	3565	
hookworm		7846	1544	51053	10383	203068	
horn-flies		1139	5027	5243	
human-immunodeficiency-virus-(HIV-1)		1576	1577	1551	64816	9023	
hydatidiform-mole		514	1027	7170	1544	55816	3082	8202	8714	10257	1557	1559	1565	3107	1576	55867	3133	3135	2625	581	28234	10320	113235	595	100	3704	7298	8836	6279	135	6283	655	3736	259232	9376	5797	6822	10919	2215	4780	174	1719	2744	84159	5836	9429	2264	1244	3809	4846	3824	240	6898	4851	3316	7421	50943	55556	4363	270	2322	5925	2346	2348	54575	54576	54577	5423	54579	54578	5429	4914	2356	3385	6470	54600	328	332	1869	23384	3417	5468	2908	10599	6504	2944	54657	54658	54659	646023	114571	23435	552859	6573	29102	6579	7099	11201	4552	54737	3028	471	7128	3557	3558	9194	11252	7157	6648	
hyperaldosteronism		773	774	775	1544	776	1545	779	778	781	782	783	1543	785	786	784	8856	153	154	9370	7068	9254	1579	1585	6462	9420	8911	8912	8913	4306	1490	7124	2908	5468	1636	4846	367	118	55799	5241	5243	
hypercalcemia		51053	846	
hypercholesterolemia		29881	290	6646	387129	
hypereosinophilic-syndrome-(HES)		4609	25989	3717	1029	2952	1544	4233	3845	2444	780	10257	2322	1555	25	27	1436	4763	673	10018	5155	5156	1572	4771	1956	1576	5159	1577	6573	4914	6579	57396	6580	6583	6584	4921	10941	959	1728	3654	2120	81608	331	332	57551	10320	5583	92241	9429	8534	2139	3932	1244	1499	861	5979	5602	4835	4067	7525	613	3815	238	6517	4088	4089	2810	5243	5244	
hyperglycemia		3767	2539	3758	6833	6517	3766	1559	5468	
hyperlipidemia		552	553	554	5021	
hyperparathyroidism		51053	846	
hyperphenylalaninemia-(HPA)		4846	7054	5053	7166	
hyperprolactinemia		4609	1544	146	147	1812	148	1814	3351	3352	1816	1813	150	3356	3357	3350	3358	151	152	3362	3363	10919	4780	1815	2353	6295	3558	2668	367	3952	4852	5243	7421	
hypertension		153	7038	
hyperthyroidism		3106	7173	1544	3123	1557	1559	
hypertriglyceridemia		64386	1544	5243	3725	19	1557	1559	9370	3105	116519	1576	1577	3757	1072	949	4023	959	335	338	983	5465	348	10599	367	3569	7157	2168	1401	7035	7422	
hypertrophic-gastritis-(GHG)		3360	3359	
hyperuricemia		54657	54658	54659	54600	7498	54575	54576	367	54578	54579	54577	316	
hypoactive-sexual-desire-disorder		4160	4161	4306	4157	4158	4159	
hypocalcemia		4609	5251	3558	51053	9518	367	5328	690	1591	7421	7038	
hypoestrogenism		10411	2099	2100	7421	
hypoglycemia		3778	10919	1544	4907	4843	9420	759	760	4023	3764	885	3767	6616	476	796	1565	6559	
hypokalemia		773	774	775	1544	776	1545	779	778	781	782	783	1543	785	786	784	8856	153	154	9370	7068	9254	1579	1585	6462	9420	8911	8912	8913	4306	1490	7124	2908	5468	1636	4846	367	118	55799	5241	5243	
hyponatremia		552	554	
hypoparathyroidism		4609	5251	3558	51053	9518	367	5328	690	1591	7421	7038	
hypophosphatemia		367	4780	7421	10919	
hypotension		152	154	
hypothyroidism		1544	1576	7068	1557	1559	7067	3351	1565	
ichthyosis-vulgaris		3172	1508	3146	3308	366	3315	6197	760	7066	1499	7486	383	
idiopathic-pulmonary-fibrosis-(IPF)		640	8837	2444	2321	2322	2324	5156	5159	6714	207	3791	2260	2261	2263	2264	5979	3932	2268	4067	7525	2534	3055	
indigestion		1636	1128	1129	43	1132	1133	1131	1135	
infertility		5617	2099	5741	
inflammatory-bowel-disease		5742	5743	240	1147	30814	
influenza-A-virus-infection		6580	1813	2903	2904	2905	2906	116443	
insomnia		10919	4137	5999	153201	206358	216	
interstitial-cystitis-(IC)		1128	1129	1133	1565	
intra-abdominal-infections		7153	2539	3757	
intraocular-pressure		152	148	150	151	
iritis		5925	2214	2215	1576	1577	4780	301	947	581	3146	4306	80339	7259	2908	5340	3931	866	2539	367	6898	4851	29940	632	250	5243	7038	
iron-overload		54659	1543	1544	1576	2638	367	9429	1591	1594	1244	7421	
irritability		54657	54658	54659	1557	6532	345222	1543	255239	1545	146	2194	1812	7957	148	3351	8856	1813	3354	3355	3356	1565	3352	150	51738	154	3358	3363	1571	1312	3362	1814	1576	7082	4908	1815	3757	54575	54576	54577	54578	54579	9135	4922	27068	4160	3269	54600	6347	59340	207	2895	440275	7124	3350	8792	2904	151	2913	147	2917	5999	3952	25970	1268	2166	11255	3064	5243	152	
irritable-bowel-syndrome		1128	1131	
ischiadynia		1559	5743	
itching		7040	7298	1667	51083	2064	4880	3091	405	8856	5788	1831	1576	4780	301	4790	183	182	653509	5328	338	4306	2516	3028	4312	6361	3291	2908	3038	3553	5091	100	3684	4843	2158	367	4851	4087	5243	7421	
jaundice		672	55312	3028	645	
joint-inflammation		3074	5539	5320	3736	2908	
joint-pain		5742	5743	
keratosis		5580	5581	
kidney-stones		23040	54657	54658	54659	64388	1544	1557	1559	28951	1565	1576	128553	54575	54576	54577	54578	54579	170679	316	5311	22854	54600	100130889	7498	5460	9429	360158	79718	4855	
labor-induction		5729	5731	5732	5733	6915	5734	5737	11251	
left-ventricular-systolic-dysfunction-(LVSD)		1803	154	1832	1576	1066	183	328	8654	4306	1490	5599	1636	10599	4842	3308	4846	624	7157	2936	7422	
leishmaniasis		5319	5290	7124	5243	1437	
leprosy		3105	3106	1544	1576	1719	2539	2796	3123	1559	1565	1727	
lice		1139	5027	5243	
listeria		1544	4363	1557	3605	1559	8856	1565	1576	1577	3757	2862	581	7498	596	1244	3553	5347	2150	2539	5243	
local-anesthetic		6336	6531	3359	2539	116443	476	57053	1727	
lumbago		1559	5743	
lumbar-epidural-block		6336	3976	2251	3084	4654	590	3312	7124	3736	6329	6331	3741	
lungworms		1139	5027	5243	
lupus		1544	55816	197131	3084	1557	1559	1565	1576	2625	70	6223	1103	1119	2158	5745	2678	2168	5243	7298	6281	3726	655	6295	8856	4780	2744	185	190	653509	5836	4306	6361	5858	4843	3312	10993	4851	7412	7421	83716	1800	4880	5914	3363	5925	1831	3880	2348	301	4914	332	6476	338	5970	6999	5979	2908	7003	367	6517	7038	54658	2950	9607	3976	7049	4494	552859	3484	7069	7082	942	494514	5054	8660	1493	2516	1499	8692	6646	1015	4088	1017	1019	1021	
lymphangioleiomyomatosis		5241	3586	3717	3845	6794	7052	2064	3600	3605	6934	8856	4763	3484	1956	5925	1577	5290	2475	5292	4780	5934	27436	54576	6198	1977	5562	3265	7490	324	581	2247	5447	4170	201163	207	7248	5328	2260	1493	9429	4312	5728	5602	1634	3683	2280	4842	1644	367	2288	1649	7157	3574	6009	4986	5243	55294	
malaria		1543	3176	1545	2539	1558	
malignant-hyperthermia-(MH)		1544	1576	4137	1557	6262	1559	6261	6263	1565	
mantle-cell-lymphoma-(MCL)		640	4067	1956	3718	2534	2064	7006	2066	660	3702	695	6714	3932	7294	
mastocytoma		4067	5156	7525	3815	5159	2185	3055	5747	2260	2261	2263	25	6714	1436	
medullary-thyroid-cancer-(MTC)		3265	7010	1956	8837	7525	3815	3845	4233	3082	5290	2767	3791	6098	2322	25	5979	
medulloblastoma		1544	1576	2539	1869	5328	2936	1557	1559	216	1565	4255	
megaloblastic-anemia		2352	113235	6573	2350	
melanoma		5728	3265	54658	673	5604	324	5606	5607	5608	5609	3845	5605	472	2767	6416	2776	4763	4893	
meningitis		1604	1576	3146	1557	216	
menopause		3572	3570	2099	2100	
menstrual-pain		3269	1544	1576	3757	1557	1559	1565	
mesothelioma		5728	7298	8836	3845	1956	1719	4524	6573	238	2352	113235	471	2618	1244	
microsporidiosis		4780	10988	
migraine-headache		3352	3351	
mites		1139	5027	5243	
motion-sickness		3269	6783	
mouth-inflammation		81025	2697	2700	2701	2702	2703	2705	2706	2707	2709	57369	127534	10804	125111	10052	57165	24145	84694	3290	56666	349149	375519	100126572	116337	219770	
multiple-myeloma		5644	5645	5646	5701	170541	5682	5683	5684	5685	5686	5687	5688	5689	5690	5691	5692	5693	5694	5695	5696	2624	5698	5699	5700	280644	5702	581	5704	5705	5706	5707	5708	5709	5710	5711	5713	5714	5715	596	5717	595	5719	5720	599	5718	5716	5721	151645	2147	143471	1649	2161	627	9861	23198	5290	338091	4780	338099	4790	4791	29893	5327	2261	266971	5340	3308	4851	3316	5366	3845	2322	54035	9491	5925	11047	7979	823	331	1869	122706	5970	367	9622	653247	10197	1493	1508	10213	1514	7157	
multiple-sclerosis		9568	115207	4842	4780	6863	2353	2641	627	7252	4790	2550	57528	386617	
muscle-pain		8704	51206	1544	9	3082	10	3084	27159	1559	1565	136227	1576	161835	3115	3116	3119	3123	6197	9278	4170	2638	7248	3156	8792	3673	3162	3674	9311	1636	5733	5732	2149	3176	3690	5739	1645	5742	5743	2670	1649	5741	2162	10873	134	23177	2207	5290	174	4790	4791	183	4792	2247	5321	5335	51422	10463	6892	3309	4846	375033	2811	6915	6916	54578	4914	8529	5468	355	1909	53632	7040	6539	80781	7067	5028	5562	5563	5564	7098	5565	5571	8660	4056	3551	3553	3565	7157	3576	
muscle-relaxant		1128	1129	1131	1132	1139	
myasthenia-gravis		43	590	
mycosis		4609	3458	3559	3689	3627	4780	301	941	367	3567	627	596	7157	7224	5243	2908	
mydriasis		2980	2149	1128	1129	1577	3627	1132	1133	1131	367	1588	150	
mydriasis-diagnostic		1131	1132	
myelodysplastic-diseases-(MDS)		4609	7298	3589	2950	54790	3976	171023	54802	2322	919	25	7066	4255	79915	4780	174	2624	5328	6097	978	216	3417	4088	2908	6876	3043	51053	367	7157	2678	3064	1786	1788	7038	
myelofibrosis		7297	3716	3717	3718	2322	23476	
myeloma		8451	2952	1544	3082	10	2067	1557	538	6555	7450	6687	3106	606500	2214	2215	1580	4790	2247	7124	1493	2263	5467	1499	7520	27233	2149	3689	1642	5743	368	51185	3570	6137	9978	9469	
myocardial-infarction		552	553	554	5021	
myocardial-perfusion-imaging-(MPI)		134	135	136	140	270	
myoma		412	2798	
myxedema-coma		196	7068	4780	2158	7056	7252	7067	5468	5054	
narcolepsy		6530	43	6571	148	1813	154	
nasal-congestion		3269	1565	
nausea		6697	7364	6869	
navicular-syndrome		4313	5770	523	3553	
nephrotic-syndrome		771	1636	762	759	4878	23632	183	760	4314	6557	766	6559	
neuroblastoma		1576	1577	1548	1551	1555	1557	1558	1559	1562	1565	
neuroendocrine-tumors-of-pancreatic-origin-(PNET)		4352	7428	3845	6794	2064	10000	55193	4763	4893	672	673	675	4771	5925	1956	1577	5290	2475	5295	57521	8242	2099	2100	3265	201163	207	208	7248	7249	2767	2776	472	2264	1499	5979	5728	2280	367	4851	8314	5243	
neurogenic-bladder		1128	3274	1133	1565	
nicotinism		8973	1135	1136	1137	1139	1141	1143	
nocturnal-enuresis		552	553	554	5021	
non-Hodgkin-lymphoma-(NHL)		1544	1576	2539	1869	5328	2936	1557	1559	216	1565	4255	
non-alcoholic-steatohepatitis-(NASH)		5465	5468	
non-small-cell-lung-cancer-(NSCLC)		673	1956	3845	4233	3084	27436	2064	2065	2066	4893	
obesity		6530	43	6571	148	1813	154	
obsessive-compulsive-disorder-(OCD)		6530	6531	6532	2950	1544	1576	5243	2289	5467	1812	7157	3351	3357	6331	3356	1565	3358	
ocular-hypertension		153	154	
onchocerciasis		3458	9099	5024	5028	5029	6692	10919	5032	5031	5290	5291	2346	4914	5300	2744	2492	2237	4158	53829	10951	5320	4297	328	5965	54737	3028	55775	51426	2147	7398	10855	23408	1649	23410	6768	23411	6261	6262	890	7421	
organ-rejection		3614	10919	
organophosphate-poisoning		43	590	
oropharyngeal-candidiasis		1544	54795	3725	3091	1557	1559	8856	154	7066	1565	6311	1576	554	29994	3757	1072	9266	2740	387129	7226	11069	3783	10951	79054	9682	7253	983	5594	5467	51053	367	9970	7157	3320	3579	
osteoarthritis		1559	5743	
osteoporosis		3589	5802	523	5775	5328	2224	1588	4598	5788	7421	5791	
otitis		4353	7341	58190	9682	52	
ovarian-cancer		4609	3074	7172	2052	4613	8714	10	3084	51727	2064	10257	2067	2068	2072	2074	540	545	1571	55332	1576	4137	2099	6714	285761	581	3146	79444	596	1111	2648	4089	55902	4191	6240	5728	10849	98	10848	390245	4193	374378	1647	1649	6772	4214	5243	126	2175	2176	7298	6790	6794	1677	92815	150677	8856	4255	672	7329	675	4771	10919	2729	5290	2730	4780	7852	3248	1728	10951	54474	4300	207	5328	2260	2261	216	2778	1244	3308	238	3312	147700	246	1786	7422	51455	3845	5894	79623	5893	4363	5917	4893	1312	3360	290	5925	1317	4915	2880	328	331	1869	5965	7508	3417	7515	2395	5980	7520	355	7012	2922	366	5999	2938	3458	2950	3976	2952	7052	3980	4494	4496	9121	1956	4524	6573	6582	4036	6597	4548	406991	54737	3028	8661	472	283106	995	2539	7150	3569	5617	4595	1015	7157	2551	7161	
pain-relief		5742	5743	
pancreatic-cancer		1026	3589	1545	7178	1548	9231	2064	10257	2067	1557	1558	1571	1576	1588	3643	3135	64065	581	3667	7252	595	3161	5728	3683	1124	8812	627	5243	7298	81029	6790	4233	84618	5788	673	5290	5296	1728	7372	9429	214	2264	218	2778	1244	4842	3309	4846	26354	3831	9978	153339	7422	6401	55556	3845	2308	79623	1806	1807	8490	1841	2356	324	5444	6470	85320	10057	332	1869	117583	7515	5980	7517	7518	1890	355	868	8549	10599	873	874	2950	9619	5528	3486	22943	1956	85413	4524	6573	9156	472	63970	3043	995	4583	3559	407018	84465	3570	7153	7157	4089	4602	
pancreatitis		7032	7177	5644	
panic-disorders		6532	1544	15	1812	3350	3351	3481	3356	3357	1565	3360	6311	1576	1577	3757	84152	5054	55107	6728	7905	1636	4843	367	2289	1394	627	2932	222962	5243	7166	
parathyroid-carcinoma		51053	846	
parenchymal-neurocysticercosis		1573	7846	1544	79915	51053	10383	3315	203068	
parkinsonism		1128	1312	155	
pelvic-inflammatory-disease		1544	1576	7498	4842	4363	2862	1557	1559	7035	1565	
peptic-ulcer-disease-(PUD)		81025	2697	2700	2701	2702	2703	2705	2706	2707	2709	57369	127534	10804	125111	10052	57165	24145	84694	3290	56666	349149	375519	100126572	116337	219770	
percutaneous-coronary-intervention-(PCI)		2243	2244	3690	3674	2266	
periarthritis		1559	5743	
peripheral-T-cell-lymphoma-(PTCL)		54658	55869	9734	4297	10013	8841	51564	79885	10014	3065	3066	83933	55294	9759	
peripheral-artery-disease-(PAD)		148	1565	10919	
peripheral-nerve-block		6336	3976	2251	3084	4654	590	3312	7124	3736	6329	6331	3741	
peripheral-neuropathy		6530	6531	6532	79750	57101	1814	285852	3356	1565	3358	9378	3362	2220	9652	4684	55904	54881	57194	51053	125170	27130	
peroxisomal-disorders		9377	1346	1345	1349	1350	5319	1351	151306	1066	1327	1339	1329	1340	2104	2235	2172	126	
pharyngitis		9376	290	6564	6565	9356	8856	1244	
pheochromocytoma		10951	1576	4780	146	147	148	1813	150	151	216	152	1565	
pinworm		7846	1544	51053	10383	203068	
plague		9986	7153	3569	2936	5243	
pneumonia		1544	1576	7498	4842	4363	2862	1557	1559	7035	1565	
poison-antidote		10919	847	10327	124	125	126	
polycystic-ovary-syndrom-(PCOS)		7040	10423	4907	4908	4023	1490	627	3667	7157	887	921	5340	4893	7006	2911	
polycythemia-vera		4352	7297	1441	10019	3716	7428	3718	3717	1576	64109	5329	3575	
postoperative-ileus		4985	4986	4988	
postpartum-hemorrhage-(PPH)		367	3028	148	1813	3354	
posttraumatic-stress-disorder		9568	2550	
precocious-puberty		412	2798	
premature-ejaculation-(PE)		6532	3350	3351	1565	3358	
premature-labor		6536	5241	2099	
premature-luteinizing-hormone-surges		3329	5054	3973	2798	
premenstrual-syndrome		6531	6532	3725	1555	1812	3350	1312	3105	6311	1576	10536	1577	1072	6728	983	3417	2784	7905	1636	7157	5243	
preservative		5019	6311	3248	3064	4923	2237	839	9682	3028	4088	3417	5594	216	54106	5347	51053	367	6256	9971	7157	246	247	3320	7421	
primary-dysmenorrhea-(PD)		768	1026	771	1027	773	774	775	776	777	778	779	781	782	783	784	785	80781	93589	1559	25	51738	3486	56479	9254	1576	1577	5290	5163	4780	9132	5170	9536	324	836	3784	3785	3786	842	8911	5328	8913	6097	8912	1499	5468	9564	4318	5734	487	488	489	3308	5742	239	367	1649	149233	1906	5743	6774	55799	632	7422	
primary-peritoneal-cancer-(PPC)		5728	672	545	675	142	10038	91607	472	3417	
prostate-cancer		5728	367	1584	1586	29940	7259	
prostatitis		1128	1129	1133	1565	
psoriasis		3553	5947	5347	7398	4137	11069	51053	6256	6257	6258	9682	6774	2648	5914	5915	5916	7421	
psoriatic-arthritis		5141	5142	5143	5144	1019	1021	
psychosis		1812	1813	367	
pulmonary-arterial-hypertension-(PAH)		1909	1910	
pulmonary-embolism-(PE)		1577	9429	2159	
punctate-keratitis		5925	2214	2215	1576	1577	4780	301	947	581	3146	4306	80339	7259	2908	5340	3931	866	2539	367	6898	4851	29940	632	250	5243	7038	
pyelonephritis		9986	7153	3569	2936	5243	
refactory-angina		2243	2244	3690	3674	2266	
renal-angiomyolipoma		4352	7428	3845	6794	2064	10000	55193	4763	4893	672	673	675	4771	5925	1956	1577	5290	2475	5295	57521	8242	2099	2100	3265	201163	207	208	7248	7249	2767	2776	472	2264	1499	5979	5728	2280	367	4851	8314	5243	
renal-cell-carcinoma-(RCC)		54658	5155	5156	7428	7525	3815	5159	1577	10733	3791	2321	3091	2324	25	1435	
renal-homotransplantation		2944	7298	7172	1544	10257	1557	1559	1565	3614	1576	79915	4780	3117	494514	3251	3123	316	65992	7252	3417	79068	5471	3043	55270	5741	7157	3704	
renal-toxicity		7040	4609	5167	4087	2936	251	
reproductive-synchrony		114814	2798	
respiratory-depression		4988	1135	
respiratory-tract-infections		3586	2952	1544	9356	1557	1559	8856	1565	3105	3106	3107	6564	6565	1576	3119	3122	3123	5429	3127	51426	
restless-leg-syndrome		10368	10369	773	134	775	774	777	776	779	778	781	782	783	784	785	786	59283	59284	93589	59285	56479	9254	3786	8911	8912	8913	27091	27092	2902	2903	2904	2905	2906	116443	116444	4842	2026	55799	5243	
retinoblastoma		1576	1577	1548	1551	1555	1557	1558	1559	1562	1565	
reverse-sedative		3269	3274	148	1813	150	151	152	
rhabdomyosarcoma		1565	10919	1544	1576	328	7068	5965	367	6256	6097	2099	5430	246	3064	5467	2908	7421	
rheumatoid-arthritis		1559	5743	
rickets		367	4780	7421	10919	
ringworm		1576	367	3859	3028	8856	
rosacea		7299	6716	6718	
schizophrenia		4160	56899	9135	25970	1813	3350	1814	5243	3358	
sciata		11201	5742	5743	2641	1559	
scleroderma		7490	3558	2058	7124	4088	4313	7803	1277	
scurvy		9962	9963	
seasonal-affective-disorder		1812	3350	3351	3352	3354	7066	3355	3356	3357	3358	3361	3362	3363	10919	29994	3757	10951	10855	51053	
seborrheic-dermatitis		866	2908	
sedative		1544	147	148	1813	3350	1812	3356	1565	
seizures		2052	8325	1543	1544	1548	11280	1555	1557	1558	1559	8856	1565	3105	3106	1576	1577	4524	3119	10928	6323	3123	6326	6328	6329	6331	6332	6334	6335	6336	7364	4049	7124	5460	2908	1244	7133	3172	3303	3305	7916	7917	367	5617	9970	2678	632	2554	
senile-dementia		1576	4129	4128	1544	
sepsis		185	186	
shingles		3586	6564	5965	25	4860	1791	
sinusitis		4353	7341	58190	9682	52	
sitosterolemia		29881	290	6646	387129	
sjogrens-syndrome		1128	1129	1131	1132	1565	
skin-depigmentation		1544	7299	4780	
skin-infections		3586	2952	1544	9356	1557	1559	8856	1565	3105	3106	3107	6564	6565	1576	3119	3122	3123	5429	3127	51426	
skin-ulcer		1565	5566	
sleep-cycle-support		7040	4353	3458	2691	4609	1544	15	1551	5914	3357	4129	801	4133	1576	2730	811	5294	64816	2099	438	4543	4544	5187	581	6095	9168	6096	8288	3553	4835	2670	240	5617	632	
sleeplessness		1544	1812	3350	3351	1816	3352	3354	3355	3356	3357	3358	3359	3360	3361	3362	3363	206358	10919	7253	2648	9177	
small-cell-lung-cancer		7153	7155	
small-lymphocytic-lymphoma-(SLL)		1576	1577	1548	1551	1555	1557	1558	1559	1562	1565	
smoking-cessation		55584	6571	57053	
social-anxiety-disorder		6530	6532	133	1544	3350	3351	1814	3356	1565	1312	5025	10919	1576	1577	6311	2475	6728	161357	9177	7905	1128	1129	1131	2668	1132	1133	367	2289	627	5243	7166	
soft-tissue-sarcoma-(STS)		54658	3845	6790	4233	4751	3984	2321	2324	1558	3480	25	4763	1436	3106	10019	5156	5159	1576	2475	2246	10188	57551	3791	2260	2261	9429	2263	4058	5467	3932	5979	5599	5601	7525	2534	3815	9448	238	367	5747	7157	3702	3066	9212	1022	
spasms		1544	1565	1134	
spontaneous-preterm-birth		367	9971	2100	2099	8856	5241	2908	
statis-dermatitis		51426	196	5423	9682	5429	
stroke		1577	9429	2159	
strongyles		203068	51053	10383	
subependymal-giant-cell-astrocytoma-(SEGA)		4352	7428	3845	6794	2064	10000	55193	4763	4893	672	673	675	4771	5925	1956	1577	5290	2475	5295	57521	8242	2099	2100	3265	201163	207	208	7248	7249	2767	2776	472	2264	1499	5979	5728	2280	367	4851	8314	5243	
submental-fat		151306	2357	
sunscreen-lotion		1544	3248	3991	216	3064	
surgical-prophylaxis		9682	5444	10919	
syphilis		1544	4363	1557	3605	1559	8856	1565	1576	1577	3757	2862	581	7498	596	1244	3553	5347	2150	2539	5243	
systemic-embolism		1577	9429	2159	
tapeworm		4864	8321	1544	3091	9367	1559	7066	1565	5540	10919	1576	4137	6311	2475	4780	5315	324	196	6606	6607	7253	3417	2778	51053	57582	6256	7157	6774	
tendinitis		4609	7298	133	1544	4363	7054	7442	1557	1559	6295	1565	2214	2215	1576	3753	4780	174	942	2739	185	9536	8644	2247	5320	3784	145482	332	113235	5465	5468	1636	10468	3689	2026	5742	5743	1649	11251	627	6517	2678	6778	
testicular-carcinoma		4609	3074	7172	2052	4613	8714	10	3084	51727	2064	10257	2067	2068	2072	2074	540	545	1571	55332	1576	4137	2099	6714	285761	581	3146	79444	596	1111	2648	4089	55902	4191	6240	5728	10849	98	10848	390245	4193	374378	1647	1649	6772	4214	5243	126	2175	2176	7298	6790	6794	1677	92815	150677	8856	4255	672	7329	675	4771	10919	2729	5290	2730	4780	7852	3248	1728	10951	54474	4300	207	5328	2260	2261	216	2778	1244	3308	238	3312	147700	246	1786	7422	51455	3845	5894	79623	5893	4363	5917	4893	1312	3360	290	5925	1317	4915	2880	328	331	1869	5965	7508	3417	7515	2395	5980	7520	355	7012	2922	366	5999	2938	3458	2950	3976	2952	7052	3980	4494	4496	9121	1956	4524	6573	6582	4036	6597	4548	406991	54737	3028	8661	472	283106	995	2539	7150	3569	5617	4595	1015	7157	2551	7161	
tetanus		1544	5004	5005	146	147	1812	7957	148	1813	8856	150	7066	1816	3356	3357	1565	3350	3358	801	3362	3363	1571	1559	1814	1576	1815	3757	7224	4922	3269	59340	6609	9429	3417	1128	1131	3308	627	7157	885	151	5243	152	
thalassemia		54659	1543	1544	1576	2638	367	9429	1591	1594	1244	7421	
thiamine-deficiency		10560	27010	80704	
throat-infections		3586	2952	1544	9356	1557	1559	8856	1565	3105	3106	3107	6564	6565	1576	3119	3122	3123	5429	3127	51426	
thrombocytopenia		4352	2147	2153	462	1559	5624	5627	
thrombosis		5742	5743	
thyroid-cancer		673	5156	7525	3815	5159	3791	2321	2324	2260	2263	5979	4893	
thyroiditis		4609	3458	3559	3689	3627	4780	301	941	367	3567	627	596	7157	7224	5243	2908	
tinea-corporis		56302	4886	4887	8856	7226	
tinea-cruris		56302	4886	4887	8856	7226	
tinea-pedis		25824	1610	9367	
tinea-versicolor		56302	4886	4887	8856	7226	
tonsillitis		9376	290	6564	6565	9356	8856	1244	
toothache		8704	51206	1544	9	3082	10	3084	27159	1559	1565	136227	1576	161835	3115	3116	3119	3123	6197	9278	4170	2638	7248	3156	8792	3673	3162	3674	9311	1636	5733	5732	2149	3176	3690	5739	1645	5742	5743	2670	1649	5741	2162	10873	134	23177	2207	5290	174	4790	4791	183	4792	2247	5321	5335	51422	10463	6892	3309	4846	375033	2811	6915	6916	54578	4914	8529	5468	355	1909	53632	7040	6539	80781	7067	5028	5562	5563	5564	7098	5565	5571	8660	4056	3551	3553	3565	7157	3576	
transfusional-hemosiderosis		54659	1543	1544	1576	2638	367	9429	1591	1594	1244	7421	
tremors		6530	6531	6532	146	3091	1812	148	1814	1813	150	153	1816	3350	147	151	1815	152	3363	10919	4780	2237	328	5965	54737	3028	1621	390245	7157	
true-histiocytic-lymphoma-(THL)		1576	1577	1548	1551	1555	1557	1558	1559	1562	1565	
tuberculosis		1571	2950	7975	1544	1576	4843	5243	1555	7124	1557	1558	1559	8856	7514	571	
tuberous-sclerosis-complex-(TSC)		4352	7428	3845	6794	2064	10000	55193	4763	4893	672	673	675	4771	5925	1956	1577	5290	2475	5295	57521	8242	2099	2100	3265	201163	207	208	7248	7249	2767	2776	472	2264	1499	5979	5728	2280	367	4851	8314	5243	
ulcerative-colitis		5742	5743	240	1147	30814	
ulcerative-esophagitis-(UE)		3274	6863	
urea-cycle-disorders		7520	55869	9734	8841	51564	79885	6606	83933	596	3065	3066	10013	10014	9759	
uremic-pruritus		4986	4988	
urethritis		1128	1129	1133	1565	
urinary-frequency		1128	1129	1131	1132	1133	
urinary-incontinence		1128	1129	1131	1132	1133	1565	
urinary-retention		1128	1129	1131	1132	1133	
urinary-tract-infections		9376	290	6564	6565	9356	8856	1244	
urticaria		5027	3269	1544	1576	1557	7157	1559	7066	1565	
vaginal-atrophy		2099	2100	367	
varicella-zoster-virus-(VZV)		136	100	51053	
varicose-veins		641	1544	5624	1557	79001	8858	1565	4128	4129	10919	6311	4137	4780	154807	316	1728	216	5467	2147	3043	4835	2155	2158	2159	367	2677	7157	632	5627	7421	
vascular-spasm		10951	1576	10919	7498	1387	4780	8654	5328	146	1557	5142	1559	5144	7066	1565	10846	
vasomotor-rhinitis		1128	3269	
vasospastic-angina		1636	774	775	1576	1577	778	776	779	781	4878	783	786	183	
ventricular-arrhythmias		153	7038	
ventricular-fibrillation-(VF)		153	476	
ventricular-tachycardia-(VT)		153	476	
vertigo		3269	6783	
virus-herpes-simplex-(HSV)		10368	10369	773	134	775	774	777	776	779	778	781	782	783	784	785	786	59283	59284	93589	59285	56479	9254	3786	8911	8912	8913	27091	27092	2902	2903	2904	2905	2906	116443	116444	4842	2026	55799	5243	
vitamin-B6-deficiency		3240	1644	4914	7124	8566	
vitamin-D-deficiency		1594	7421	
vomiting		6697	7364	6869	
vulvovaginal-candidiasis		1544	54795	3725	3091	1557	1559	8856	154	7066	1565	6311	1576	554	29994	3757	1072	9266	2740	387129	7226	11069	3783	10951	79054	9682	7253	983	5594	5467	51053	367	9970	7157	3320	3579	
weight-loss-aid		8513	221955	26090	747	2194	1268	4023	57406	5054	5406	
whipworm		7846	1544	51053	10383	203068	
xerosis-cutis		3172	1508	3146	3308	366	3315	6197	760	7066	1499	7486	383	
yeast-infection		3320	1565	1544	1576	56302	1551	9682	1557	1559	8856	3417	7226	5243	7421	
