11-beta-hydroxysteroid-dehydrogenase-inhibitor		81025	2697	2700	2701	2702	2703	2705	2706	2707	2709	57369	127534	10804	125111	10052	57165	24145	84694	3290	56666	349149	375519	100126572	116337	219770	
3-ketoacyl-CoA-thiolase-inhibitor		1544	10449	
5-alpha-reductase-inhibitor		6715	79644	6716	367	
ALK-tyrosine-kinase-receptor-inhibitor		4869	1029	4233	27436	238	2260	4089	5979	
ATP-channel-activator		1576	10060	6833	3767	796	
ATP-channel-blocker		6833	3758	3766	3767	
ATP-synthase-inhibitor		3784	3785	9132	56479	
ATPase-inhibitor		496	1557	495	
Abl-kinase-inhibitor		6789	6793	2444	25	57118	1956	11183	818	6714	23235	10188	150094	23387	4067	5604	5605	2534	613	8428	3055	1017	10746	7294	
BCL-inhibitor		5728	673	3492	3845	4869	3417	4170	5290	2322	596	7157	598	599	25	3418	
Bcr-Abl-kinase-inhibitor		6789	6793	2444	25	57118	1956	11183	818	6714	23235	10188	150094	23387	4067	5604	5605	2534	613	8428	3055	1017	10746	7294	
Brutons-tyrosine-kinase-(BTK)-inhibitor		640	4067	1956	3718	2534	2064	7006	2066	660	3702	695	6714	3932	7294	
CC-chemokine-receptor-antagonist		1234	4988	
CDK-inhibitor		896	1029	6597	3845	2064	1021	2099	2100	7157	595	5241	1019	4893	894	
CFTR-channel-agonist		1080	1756	367	
CFTR-channel-potentiator		1080	115019	
DNA-alkylating-agent		1544	1576	2539	1869	5328	2936	1557	1559	216	1565	4255	
DNA-directed-DNA-polymerase-inhibitor		2064	7298	7157	2030	
DNA-directed-RNA-polymerase-inhibitor		28234	6579	11309	10599	
DNA-inhibitor		1544	1576	2539	1869	5328	2936	1557	1559	216	1565	4255	
DNA-methyltransferase-inhibitor		4609	7298	3589	2950	54790	3976	171023	54802	2322	919	25	7066	4255	79915	4780	174	2624	5328	6097	978	216	3417	4088	2908	6876	3043	51053	367	7157	2678	3064	1786	1788	7038	
DNA-polymerase-inhibitor		3586	6564	5965	25	4860	1791	
DNA-replication-inhibitor		4864	8321	1544	3091	9367	1559	7066	1565	5540	10919	1576	4137	6311	2475	4780	5315	324	196	6606	6607	7253	3417	2778	51053	57582	6256	7157	6774	
DNA-synthesis-inhibitor		487	1576	23435	1548	8856	1555	216	
DOPA-decarboxylase-inhibitor		10919	10951	1644	5999	7421	
EGFR-inhibitor		673	1956	3845	4233	3084	27436	2064	2065	2066	4893	
FABI-inhibitor		1571	2950	7975	1544	1576	4843	5243	1555	7124	1557	1558	1559	8856	7514	571	
FGFR-inhibitor		673	5156	7525	3815	5159	3791	2321	2324	2260	2263	5979	4893	
FLT3-inhibitor		7297	3716	3717	3718	2322	23476	
FXR-agonist		3290	9971	
G-protein-coupled-receptor-agonist		151306	2357	
GABA-aminotransferase-inhibitor		18	2550	140679	
GABA-receptor-antagonist		2560	2561	2562	2563	2564	2565	2566	2567	2568	55879	2891	2898	1137	1139	2554	2555	2556	2557	2558	2559	
GABA-receptor-modulator		10919	1544	2567	1557	2554	1565	
GABA-uptake-inhibitor		2556	2567	
HCN-channel-blocker		10021	1576	348980	57657	378938	
HCV-inhibitor		9153	5476	1576	1513	1577	1514	1520	101180976	8722	282617	5243	7421	1215	
HDAC-inhibitor		54658	55869	9734	4297	10013	8841	51564	79885	10014	3065	3066	83933	55294	9759	
HIV-integrase-inhibitor		54658	1576	1577	5452	1551	9429	8856	
HIV-protease-inhibitor		3586	54658	1544	8714	4363	10	1555	1557	1559	8856	3356	1565	1576	1577	4780	3123	387129	7364	9429	1244	3172	367	9970	5243	
HMGCR-inhibitor		3329	54658	54659	1803	7052	5243	221458	19	1557	3990	1558	8856	22937	1559	1565	3363	116519	1576	1577	3627	1581	5294	1071	11309	2224	3123	949	185	29116	959	4547	5444	7364	196	2247	5447	28234	5327	338	7124	3156	9429	9177	5467	1244	348	5602	355	1636	3684	27235	10599	3559	4842	3949	624	64241	3953	6262	6646	632	7035	
HSP-inhibitor		2593	6035	217	1742	
JAK-inhibitor		22848	7297	3716	3717	3718	55589	2185	2580	
KATP-activator		6817	1559	1544	1576	10060	3758	5742	3764	1557	3766	3767	796	1565	
KIT-inhibitor		640	3717	3845	4233	2444	2064	3984	2066	9748	10006	1432	25	27	1436	8476	4763	1441	673	5156	1956	5159	5290	558	11183	1969	6777	695	50488	4921	6714	51135	51776	3265	6850	2242	324	23235	4294	6725	10188	150094	57551	3791	5586	2260	2261	9429	3417	90	5467	3932	2268	7006	23387	3418	8289	4067	5604	5605	7525	2534	613	3815	867	51053	10733	3055	367	8444	7157	1399	4088	5753	9212	
Kir6-channel-(KATP)-activator		6817	1559	1544	1576	10060	3758	5742	3764	1557	3766	3767	796	1565	
L-type-calcium-channel-blocker		488	1636	4311	
MEK-inhibitor		5728	3265	54658	673	5604	324	5606	5607	5608	5609	3845	5605	472	2767	6416	2776	4763	4893	
NAD-precursor		4837	1544	1576	338442	8843	84649	23475	1557	1559	1565	27198	
NADPH-inhibitor		1728	2944	1026	4780	1429	1559	216	79001	
NFkB-pathway-inhibitor		25824	8989	3551	
Na/K-ATPase-inhibitor		480	481	482	483	486	367	476	477	478	
Niemann-Pick-C1-like-1-protein-antagonist		29881	290	6646	387129	
PARP-inhibitor		5728	672	545	675	142	10038	91607	472	3417	
PDGFR-tyrosine-kinase-receptor-inhibitor		54658	5155	5156	7428	7525	3815	5159	1577	10733	3791	2321	3091	2324	25	1435	
PI3K-inhibitor		30849	3845	2064	4893	673	146850	5925	5286	5287	5288	5289	5290	5291	2475	5293	6446	5295	5296	5297	5294	2099	2100	8503	3265	207	2260	2261	2263	5728	5604	23533	7157	1019	
PKC-activator		5580	5581	
PKC-inhibitor		3780	3781	3782	1576	1259	1260	2475	5999	3091	3028	2237	1565	
PPAR-receptor-agonist		5465	5467	5468	
RAF-inhibitor		1029	5894	3845	3984	4763	4893	673	1956	5290	3123	4286	3265	150094	207	2146	342371	5604	5605	2539	10735	79858	7157	5879	
RET-tyrosine-kinase-inhibitor		3265	7010	1956	8837	7525	3815	3845	4233	3082	5290	2767	3791	6098	2322	25	5979	
RNA-polymerase-inhibitor		1565	10919	1544	1576	328	7068	5965	367	6256	6097	2099	5430	246	3064	5467	2908	7421	
RNA-synthesis-inhibitor		641	7298	4869	2950	9734	55816	1543	8841	4363	79885	655	2322	2328	552859	7068	10013	10014	9759	540	5916	1788	10919	4137	29102	54578	494514	55869	2623	2625	7490	8644	328	4297	54093	64078	5965	10320	3921	80339	1109	9429	861	83933	351	1633	51426	355	865	390245	7398	10599	873	874	2539	51564	4846	7150	367	7153	7155	7157	3064	3065	3066	5243	8828	8574	
SRC-inhibitor		6789	6793	2444	25	57118	1956	11183	818	6714	23235	10188	150094	23387	4067	5604	5605	2534	613	8428	3055	1017	10746	7294	
STAT-inhibitor		4864	8321	1544	3091	9367	1559	7066	1565	5540	10919	1576	4137	6311	2475	4780	5315	324	196	6606	6607	7253	3417	2778	51053	57582	6256	7157	6774	
SYK-inhibitor		6850	5925	
T-type-calcium-channel-blocker		8912	8913	8911	
TGF-beta-receptor-inhibitor		7040	5600	5603	1544	3028	5045	7124	1432	6300	
TP53-activator		11201	51426	7398	5319	10919	2475	79915	5999	1812	2237	
TRPV-agonist		10535	1544	1576	3976	4907	4780	4908	2670	6447	2057	7442	627	5111	216	1080	5243	
VEGFR-inhibitor		54658	5155	5156	7428	7525	3815	5159	1577	10733	3791	2321	3091	2324	25	1435	
acetylcholine-receptor-agonist		1128	1129	1131	1132	1133	
acetylcholine-receptor-antagonist		1128	1129	1131	1132	1133	
acetylcholine-release-enhancer		1576	4129	4128	1544	
acetylcholinesterase-inhibitor		43	590	
adenosine-deaminase-inhibitor		7040	1026	84618	56616	4780	5422	5426	5427	50484	331	56655	599	54107	6240	6241	1633	100	7525	3559	7157	4860	
adenosine-receptor-agonist		55361	9154	9153	55300	60482	134	135	136	54795	140	64078	
adenosine-receptor-antagonist		134	135	136	140	8654	5139	5140	5141	5142	5143	5144	3066	
adenosine-reuptake-inhibitor		1576	79915	4780	2030	7066	
adrenergic-inhibitor		1312	6530	6532	55879	2568	1577	2892	2289	627	3351	5243	3356	1565	121278	2559	
adrenergic-neuron-blocker		6530	146	147	148	150	151	152	
adrenergic-receptor-agonist		9575	1843	169044	2740	1395	154	
adrenergic-receptor-antagonist		153	7038	
alcohol-dehydrogenase-inhibitor		10919	847	10327	124	125	126	
aldehyde-dehydrogenase-inhibitor		6531	255239	1544	1813	1557	1559	154	7066	10919	1576	79915	4780	4524	2475	3248	4790	185	706	10951	54737	9682	3028	1621	216	217	218	5467	861	224	865	5347	51053	2670	5999	367	2678	3320	5243	7421	
aldose-reductase-inhibitor		4137	60482	7421	231	
androgen-biosynthesis-inhibitor		5728	367	1584	1586	29940	7259	
androgen-receptor-agonist		2099	2100	367	
androgen-receptor-antagonist		354	10468	8837	581	999	367	1555	8085	
angiogenesis-inhibitor		4864	54658	5315	3269	27306	79915	3248	7157	9367	410	412	
angiotensin-converting-enzyme-inhibitor		1636	4548	5547	4524	1585	183	154	
angiotensin-receptor-agonist		185	186	
angiotensin-receptor-antagonist		185	186	
anti-pneumocystis-agent		3553	1787	7177	
antiarrhythmic		64326	3741	1576	2475	5243	3757	1812	153	154	6331	1565	
antibacterial-agent		3320	4780	367	6256	3248	4088	1786	
anticancer-agent		7424	8451	3845	2247	1642	5243	10320	51185	7124	8600	9978	1499	7422	7423	
anticonvulsant		8912	8913	8911	
antihistamine		3269	1565	
antimalarial-agent		1576	1577	1548	1555	476	
antineoplastic-agent		4780	3757	1583	1584	6097	1555	2099	472	
antioxidant		9962	9963	
antithyroid-agent		3106	7173	1544	3123	1557	1559	
antiviral		132	6532	7432	3606	7450	285	3614	3615	3105	3106	3107	120227	1956	3875	5167	101180976	949	4277	1594	8638	1471	9153	22978	3576	6097	596	216	4312	79068	3949	2030	3569	7157	3704	282617	7421	
apoptosis-stimulant		7296	3725	207	595	5594	5595	3551	
aromatase-inhibitor		54657	5241	81027	9448	1545	58508	2064	2099	2100	1588	4982	8600	3481	5243	
aromatic-L-amino-acid-decarboxylase-inhibitor		390245	10919	4137	4524	1644	3248	9682	3028	216	
aryl-hydrocarbon-receptor-agonist		1545	5970	4790	4791	
atherogenesis-inhibitor		1066	19	3757	8647	
bacterial-30S-ribosomal-subunit-inhibitor		3778	3783	1544	1576	64816	
bacterial-50S-ribosomal-subunit-inhibitor		1544	1576	7498	4842	4363	2862	1557	1559	7035	1565	
bacterial-DNA-gyrase-inhibitor		1571	581	1544	1576	2539	7153	3028	1557	1559	1565	
bacterial-antifolate		3105	3106	1544	1576	1719	2539	2796	3123	1559	1565	1727	
bacterial-cell-wall-synthesis-inhibitor		3416	5617	4057	
benzodiazepine-receptor-agonist		9568	367	6256	2550	5467	
benzodiazepine-receptor-antagonist		2560	2561	2562	2563	2564	2565	2566	2567	2568	1557	4780	706	55879	2554	2555	2556	2557	2558	2559	
bile-acid		9377	1346	1345	1349	1350	5319	1351	151306	1066	1327	1339	1329	1340	2104	2235	2172	126	
biliverdin-reductase-A-activator		151306	2357	
bone-resorption-inhibitor		3589	5802	523	5775	5328	2224	1588	4598	5788	7421	5791	
bradykinin-receptor-antagonist		10280	1576	3091	1557	1559	
breast-cancer-resistance-protein-inhibitor		6311	10919	51053	9682	9429	3417	7421	64127	
cAMP-stimulant		1565	5566	
calcineurin-inhibitor		5478	8647	10599	28234	6554	819	2357	10105	5530	5535	
calcium-channel-activator		51053	846	
calcium-channel-blocker		1636	774	775	1576	1577	778	776	779	781	4878	783	786	183	
calcium-sensitizer		5139	3764	7134	3767	
capillary-stabilizing-agent		51426	196	5423	9682	5429	
carbonic-anhydrase-activator		7170	146	3091	1812	148	150	147	151	153	51738	155	154	152	4137	5291	4780	2475	2237	5053	831	328	5965	7124	3028	5602	51426	390245	2539	8692	6517	4982	7421	
carbonic-anhydrase-inhibitor		4321	3106	771	4313	358	361	4842	23632	759	760	761	762	766	
carboxamide-antiepileptic		2052	8325	1543	1544	1548	11280	1555	1557	1558	1559	8856	1565	3105	3106	1576	1577	4524	3119	10928	6323	3123	6326	6328	6329	6331	6332	6334	6335	6336	7364	4049	7124	5460	2908	1244	7133	3172	3303	3305	7916	7917	367	5617	9970	2678	632	2554	
carnitine-palmitoyltransferase-inhibitor		1376	1544	1576	1557	1565	1374	1375	
catechol-O-methyltransferase-inhibitor		1312	51426	
cathepsin-inhibitor		839	29994	4780	51053	10988	367	5467	9682	10002	3320	3417	3064	4088	7421	
chelating-agent		54659	1543	1544	1576	2638	367	9429	1591	1594	1244	7421	
chloride-channel-activator		1181	1191	
chloride-channel-blocker		5347	7398	1544	11069	9612	51053	4363	5423	3248	3091	3028	1559	5468	1244	7421	
chloride-reabsorption-inhibitor		4780	6557	6559	
cholesterol-inhibitor		29881	290	6646	387129	
cholinergic-receptor-agonist		5029	1128	1129	1131	1132	1133	1135	
cholinergic-receptor-antagonist		1128	1129	
cholinesterase-inhibitor		43	590	
coagulation-factor-inhibitor		1577	9429	2159	
collagenase-inhibitor		7490	3558	2058	7124	4088	4313	7803	1277	
constitutive-androstane-receptor-(CAR)-agonist		3269	1544	3249	9970	1559	1565	
corticotropin-releasing-factor-receptor-antagonist		1394	1395	
cyclooxygenase-inhibitor		5742	5743	
cytochrome-P450-inhibitor		1576	10919	
cytokine-production-inhibitor		11201	51426	7398	5319	10919	2475	79915	5999	1812	2237	
dehydrogenase-inhibitor		2944	7298	7172	1544	10257	1557	1559	1565	3614	1576	79915	4780	3117	494514	3251	3123	316	65992	7252	3417	79068	5471	3043	55270	5741	7157	3704	
dihydrofolate-reductase-inhibitor		64146	2539	1719	
dihydroorotate-dehydrogenase-inhibitor		196	1544	1576	2185	3576	4780	79915	6606	6607	2099	9367	3064	1723	4312	
dihydropteroate-synthetase-inhibitor		1725	1544	1576	3028	1557	4790	1559	1565	
dipeptidyl-peptidase-inhibitor		1803	5452	
diuretic		3778	3158	759	760	762	6559	
dopamine-precursor		641	6531	3600	7442	1812	1813	1814	1815	1816	1312	4129	10919	4524	6580	5429	185	2237	7486	11201	581	4935	328	10951	5965	1742	54737	9682	3028	1621	5594	3164	51426	100	390245	9456	627	
dopamine-receptor-agonist		3361	3352	50632	1815	1816	152	1812	1813	3350	3351	151	1814	150	3356	3357	3358	
dopamine-receptor-antagonist		1544	147	148	1813	3350	1812	3356	1565	
dopamine-receptor-partial-agonist		3363	1813	3350	3356	1565	
dopamine-reuptake-inhibitor		1312	6530	6531	1636	6532	255239	6571	1548	2289	5617	2035	1812	1813	3356	1621	2587	22908	
dystrophin-stimulant		1080	1756	367	
elastase-inhibitor		1990	1991	
electrolyte-reabsorption-inhibitor		4780	6557	6558	
endothelin-receptor-antagonist		1909	1910	
ephrin-inhibitor		640	3717	3845	4233	2444	2064	3984	2066	9748	10006	1432	25	27	1436	8476	4763	1441	673	5156	1956	5159	5290	558	11183	1969	6777	695	50488	4921	6714	51135	51776	3265	6850	2242	324	23235	4294	6725	10188	150094	57551	3791	5586	2260	2261	9429	3417	90	5467	3932	2268	7006	23387	3418	8289	4067	5604	5605	7525	2534	613	3815	867	51053	10733	3055	367	8444	7157	1399	4088	5753	9212	
estrogen-receptor-agonist		2099	2100	367	
estrogen-receptor-antagonist		5617	2099	5741	
estrogenic-hormone		367	6097	2099	2100	387129	
fatty-acid-synthase-inhibitor		4353	1544	1576	2194	1555	7124	1557	1559	1565	
folate-receptor-ligand		2352	113235	6573	2350	
food-preservative		25824	1610	9367	
free-radical-scavenger		5594	2357	2247	
fungal-lanosterol-demethylase-inhibitor		10919	29994	51053	1586	3417	5467	
fungal-squalene-epoxidase-inhibitor		8856	3105	1565	6713	
gap-junction-modulator		51426	1576	5578	5579	5580	1557	1559	57016	3290	5468	1565	
gastrin-inhibitor		124056	5225	643834	
glucocorticoid-receptor-agonist		1576	866	2908	
glucocorticoid-receptor-antagonist		1545	2796	1583	1588	2678	7033	7038	
glucosidase-inhibitor		23269	8972	6476	4023	2548	6517	279	
glutamate-inhibitor		4864	1544	23435	11280	9367	1576	3757	6323	6326	6328	7224	6329	6331	6332	6334	6335	3776	54207	6336	3780	3782	3783	23657	50801	
glutamate-receptor-antagonist		2560	2561	2562	2563	2564	2565	2566	2567	2568	55879	2902	2903	2904	2905	2906	116443	116444	2915	2554	2555	2556	2557	2558	2559	
glutamate-receptor-modulator		486	2890	2891	2892	2893	5965	760	6559	
glutathione-transferase-stimulant		10919	6506	43	367	
glycosyl-transferase-inhibitor		1565	7357	
gonadotropin-releasing-factor-hormone-receptor-agonist		114814	2798	
gonadotropin-releasing-factor-hormone-receptor-antagonist		3329	5054	3973	2798	
growth-factor-receptor-activator		1544	1812	3350	3351	1816	3352	3354	3355	3356	3357	3358	3359	3360	3361	3362	3363	206358	10919	7253	2648	9177	
guanylate-cyclase-stimulant		2977	2982	2983	3000	2974	
hedgehog-pathway-inhibitor		6608	2475	
hemozoin-biocrystallization-inhibitor		9312	64326	3783	1576	3558	2539	1551	222962	5243	7068	1565	2815	
histamine-receptor-agonist		1543	3176	1545	2539	1558	
histamine-receptor-antagonist		3269	11255	
histamine-receptor-modulator		4864	5315	1956	2246	9641	3562	6283	4780	6284	367	2548	5141	29110	9367	3320	5144	5143	5142	
hydantoin-antiepileptic		6336	11280	6323	6326	6328	6329	6331	6332	6334	6335	
hydroxy-radical-formation-stimulant		3172	1508	3146	3308	366	3315	6197	760	7066	1499	7486	383	
hypoxia-inducible-factor-inhibitor		672	11201	51426	641	5347	29127	3417	328	10411	4780	11069	3091	5429	3064	7421	2237	7486	
imidazoline-receptor-agonist		152	150	151	
imidazoline-receptor-ligand		1544	54795	3725	3091	1557	1559	8856	154	7066	1565	6311	1576	554	29994	3757	1072	9266	2740	387129	7226	11069	3783	10951	79054	9682	7253	983	5594	5467	51053	367	9970	7157	3320	3579	
immunostimulant		2864	2161	2167	5338	338557	
immunosuppressant		3778	6286	
inhaled-anaesthetic		2560	2561	2562	2563	2564	2565	2566	338567	2567	2568	779	27032	3736	2741	2743	54207	3776	3777	55879	2890	83795	51305	6261	2554	2555	2556	2557	2558	2559	
inosine-monophosphate-dehydrogenase-inhibitor		3614	10919	
inositol-monophosphatase-inhibitor		3614	3615	
insulin-secretagogue		3767	2539	10060	3758	6833	3667	7124	1559	
insulin-sensitizer		7040	10423	4907	4908	4023	1490	627	3667	7157	887	921	5340	4893	7006	2911	
interferon-inducer		3439	51053	51284	51311	
interleukin-inhibitor		3553	834	836	3557	10919	4780	3320	2139	3326	
isocitrate-dehydrogenase-inhibitor		3417	3418	2322	
kainate-receptor-antagonist		2560	2561	2562	771	2563	2565	2564	2567	2568	2566	766	11280	1557	8856	6323	6326	6328	6329	3643	6331	6332	6334	6335	6336	55879	2890	2891	2892	2893	2897	2898	2899	2900	2901	762	361	759	760	2554	2555	2556	2557	2558	2559	
lanosterol-demethylase-inhibitor		56302	4886	4887	8856	7226	
leukotriene-receptor-antagonist		3553	1544	1576	8654	3569	5139	5141	5142	5143	5144	1565	
leukotriene-synthesis-inhibitor		4048	6051	
like-(NRF2)-activator		151306	9971	2908	1646	
lipase-inhibitor		8513	221955	26090	747	2194	1268	4023	57406	5054	5406	
lipoprotein-lipase-activator		1636	10599	28234	11309	3949	3725	3952	4023	3569	627	1559	5465	
lipoxygenase-inhibitor		240	5742	
local-anesthetic		7299	7398	1576	4780	367	
mTOR-inhibitor		4352	7428	3845	6794	2064	10000	55193	4763	4893	672	673	675	4771	5925	1956	1577	5290	2475	5295	57521	8242	2099	2100	3265	201163	207	208	7248	7249	2767	2776	472	2264	1499	5979	5728	2280	367	4851	8314	5243	
melanin-inhibitor		1728	3553	7299	2950	10919	4780	3248	7153	6097	3091	1588	3028	4790	596	3576	7066	958	
melanocortin-receptor-agonist		4160	4161	4306	4157	4158	4159	
melatonin-receptor-agonist		4544	5243	3356	3357	3358	4543	
membrane-integrity-inhibitor		5319	5290	7124	5243	1437	
membrane-permeability-enhancer		10919	6506	43	367	
membrane-permeability-inhibitor		2560	2561	513	2563	2562	2565	2564	338567	2567	2568	2566	779	27032	3736	2741	2743	54207	3776	3777	3778	55879	2890	51305	6261	2554	2555	2556	2557	2558	2559	
methionine-aminopeptidase-inhibitor		4780	10988	
microsomal-trigylceride-transfer-protein-inhibitor		3949	255738	4547	338	
microtubule-inhibitor		81027	10376	84617	10381	10382	10383	3481	7846	1576	347688	113457	84790	203068	112714	347733	7275	7277	7278	7280	
microtubule-stabilizing-agent		81027	3845	10376	84617	10381	10383	2064	7846	1576	347688	113457	2099	2100	84790	203068	112714	347733	7275	7277	7280	5241	
mineralocorticoid-receptor-antagonist		5241	4306	1557	367	
mitochondrial-DNA-polymerase-inhibitor		641	1544	5624	1557	79001	8858	1565	4128	4129	10919	6311	4137	4780	154807	316	1728	216	5467	2147	3043	4835	2155	2158	2159	367	2677	7157	632	5627	7421	
monoamine-oxidase-inhibitor		1544	4129	4128	
mucolytic-agent		6531	1147	4493	3480	7450	48	4914	653509	3014	54472	1869	5970	2902	2903	2904	2906	116443	3164	3551	95	390245	23657	3949	6517	2937	3579	
mucus-protecting-agent		641	7398	873	4780	51053	3248	2648	7421	
muscle-relaxant		1128	1129	1131	1132	1139	
neuraminidase-inhibitor		1066	4758	4759	
neuromuscular-blocker		1129	1131	1135	
neurotransmitter		10919	4137	5999	153201	206358	216	
nitric-oxide-donor		3767	2539	10060	1557	1559	
nitric-oxide-precursor		384	113451	4843	6541	4846	222545	6545	435	84889	445	
nitric-oxide-scavenger		51426	8644	390245	1543	174	5423	5970	2548	7124	4790	4791	
nitric-oxide-stimulant		4881	2977	2974	
nitric-oxide-synthase-inhibitor		7040	4353	3458	2691	4609	1544	15	1551	5914	3357	4129	801	4133	1576	2730	811	5294	64816	2099	438	4543	4544	5187	581	6095	9168	6096	8288	3553	4835	2670	240	5617	632	
non-nucleoside-reverse-transcriptase-inhibitor		1576	8714	4363	9429	5243	1244	
nootropic-agent		1544	1576	596	216	7421	
norepinephrine-inhibitor		3458	6530	6532	1544	146	147	1812	148	150	3351	3352	153	154	155	3356	1565	3350	3358	1559	3736	3362	3363	3751	3752	1576	10280	4914	4915	3269	5319	3785	3786	3274	59340	100	1128	1129	1131	1132	1133	5617	4985	4986	5243	4988	
norepinephrine-precursor		146	147	148	150	151	152	153	154	155	5053	
norepinephrine-reputake-inhibitor		2560	2561	2562	2563	6531	2565	6530	2567	2568	9	2564	2566	6532	146	147	1812	148	1813	3351	150	1816	7066	3350	3356	3357	1565	3358	151	3359	3362	3363	1814	1815	3757	3269	55879	59340	7421	1128	1129	1131	1132	1133	152	7157	3064	2554	2555	2556	2557	2558	2559	
norepinephrine-reuptake-inhibitor		3458	6530	6532	1544	146	147	1812	148	150	3351	3352	153	154	155	3356	1565	3350	3358	1559	3736	3362	3363	3751	3752	1576	10280	4914	4915	3269	5319	3785	3786	3274	59340	100	1128	1129	1131	1132	1133	5617	4985	4986	5243	4988	
norepinephrine-transporter-inhibitor		6530	6531	6532	7253	2902	2903	2904	2905	2906	116443	116444	1565	
nuclear-factor-erythroid-derived		151306	9971	2908	1646	
nucleoside-reverse-transcriptase-inhibitor		1565	22978	3559	1544	1576	7498	367	627	7124	1557	1559	4860	7133	
opioid-receptor-agonist		4985	4986	4988	
opioid-receptor-antagonist		4985	4986	4988	
ornithine-decarboxylase-inhibitor		384	4953	10919	
osteoclast-inhibitor		2224	3553	4982	10919	
other-antibiotic		5019	6311	3248	3064	4923	2237	839	9682	3028	4088	3417	5594	216	54106	5347	51053	367	6256	9971	7157	246	247	3320	7421	
other-antifungal		1786	1806	367	
oxazolidine-antiepileptic		8912	8913	1576	8911	
oxidizing-agent		2209	2235	
oxytocin-receptor-agonist		552	5021	
oxytocin-receptor-antagonist		552	553	554	5021	
penicillin-binding-protein-inhibitor		3586	2952	1544	9356	1557	1559	8856	1565	3105	3106	3107	6564	6565	1576	3119	3122	3123	5429	3127	51426	
phenylalanine-4-hydroxylase-stimulant		4846	7054	5053	7166	
phosphatase-inhibitor		641	1544	5624	1557	79001	8858	1565	4128	4129	10919	6311	4137	4780	154807	316	1728	216	5467	2147	3043	4835	2155	2158	2159	367	2677	7157	632	5627	7421	
phosphodiesterase-inhibitor		1544	5139	5140	3091	1557	5142	7068	10919	1576	4137	11201	7124	3028	216	5347	390245	7398	246	7421	
phospholipase-activator		5319	4780	301	367	2908	
plasminogen-activator-inhibitor		4018	5340	5327	
platelet-activating-factor-receptor-antagonist		5724	3269	
platelet-aggregation-inhibitor		2243	2244	3690	3674	2266	
polar-auxin-transport-inhibitor		1543	1544	3091	1557	1559	2584	25	1576	4137	554	79915	9262	1588	133688	4155	581	2147	390245	641	30849	23683	26275	5286	10919	5287	5289	5290	5291	5292	5293	5294	5295	5296	5288	3248	4790	4791	2237	216	3297	51426	3315	29941	246	247	25865	1812	2859	5423	5429	8503	5444	328	7498	1869	5965	338	5970	7525	2936	146850	947	11201	5578	5579	5580	5581	5582	5583	5584	5585	5586	5587	3028	54737	5590	5588	5595	995	23533	7150	3055	7153	2551	
potassium-channel-activator		3778	10919	1544	4907	4843	9420	759	760	4023	3764	885	3767	6616	476	796	1565	6559	
potassium-channel-blocker		1544	148	1557	1559	153	796	1565	3743	1573	9254	1576	3753	1577	2475	3757	6713	6331	653509	10951	8912	51053	9722	5243	7038	
progesterone-receptor-agonist		367	9971	2100	2099	8856	5241	2908	
progesterone-receptor-antagonist		5241	2099	367	
progestogen-hormone		5241	367	
prolactin-inhibitor		3360	3361	3362	3363	4137	1815	367	1816	148	1813	3350	1812	152	153	1814	3356	3359	
prostacyclin-analog		5729	5731	5732	5733	6915	5734	5737	11251	
prostaglandin-inhibitor		160728	5742	5743	
prostaglandin-receptor-agonist		5729	6915	5731	5733	5737	
prostanoid-receptor-agonist		5729	117155	5732	1559	5731	6915	1544	1576	5734	5739	347732	1557	378807	117144	1565	
prostanoid-receptor-antagonist		1559	5743	
proteasome-inhibitor		5644	5645	5646	5701	170541	5682	5683	5684	5685	5686	5687	5688	5689	5690	5691	5692	5693	5694	5695	5696	2624	5698	5699	5700	280644	5702	581	5704	5705	5706	5707	5708	5709	5710	5711	5713	5714	5715	596	5717	595	5719	5720	599	5718	5716	5721	151645	2147	143471	1649	2161	627	9861	23198	5290	338091	4780	338099	4790	4791	29893	5327	2261	266971	5340	3308	4851	3316	5366	3845	2322	54035	9491	5925	11047	7979	823	331	1869	122706	5970	367	9622	653247	10197	1493	1508	10213	1514	7157	
protein-synthesis-inhibitor		1576	5243	55244	3757	2862	213	1595	
protein-synthesis-stimulant		2560	2561	2562	2563	2564	2565	2566	2567	2568	23435	51083	7054	8856	6820	6822	1576	10280	5290	5291	2099	2100	581	55879	332	1490	3667	9429	2902	2903	2904	5465	2906	5595	116444	2905	3292	116443	3558	4842	2539	2670	367	9970	6517	2554	2555	2556	2557	2558	2559	
protein-tyrosine-kinase-inhibitor		5156	5159	3791	2321	2322	
proto-oncogene-tyrosine-protein-kinase-inhibitor		640	6788	4869	3718	4486	6790	3717	4233	2444	2321	2322	2324	9748	3480	25	1436	57118	1196	27436	558	11183	4914	4915	57396	2869	29110	4916	695	6197	6714	5562	120892	2241	6850	28996	2120	10188	1613	5582	57551	3791	6098	5586	5588	2260	2261	4058	5979	3932	4067	2534	3815	9448	10733	238	5871	5747	9212	1022	
proton-pump-inhibitor		496	495	
psychoactive-drug		3356	1813	1814	1815	
purine-antagonist		3251	5471	3614	3615	
purinergic-receptor-antagonist		8704	51716	1544	1555	1557	1558	1559	1565	64805	1576	1577	1066	29104	8529	3673	3690	5742	4846	375033	5243	
reducing-agent		7040	4609	5167	4087	2936	251	
retinoid-receptor-agonist		3553	5947	5347	7398	4137	11069	51053	6256	6257	6258	9682	6774	2648	5914	5915	5916	7421	
retinoid-receptor-ligand		6017	9227	50700	7182	10901	8854	5914	9249	51109	4780	3757	2099	5947	5949	57665	581	5959	145226	5328	112724	216	220	54884	3949	367	6256	6257	6258	3576	6010	7038	
rho-associated-kinase-inhibitor		1024	9475	23683	3845	25865	9212	10000	1565	1576	10110	57396	6197	6198	120892	5566	5567	11200	5569	2624	5580	1613	5582	207	6093	5588	867	868	9448	5613	1020	1022	
ribonucleotide-reductase-inhibitor		7040	1026	84618	56616	4780	5422	5426	5427	50484	331	56655	599	54107	6240	6241	1633	100	7525	3559	7157	4860	
selective-estrogen-receptor-modulator-(SERM)		3572	3570	2099	2100	
selective-serotonin-reuptake-enhancer-(SSRE)		4985	4986	4988	
selective-serotonin-reuptake-inhibitor-(SSRI)		6530	6531	6532	3589	775	55312	148	1557	127254	3351	151194	3356	1565	23327	136227	10919	1576	1577	2731	2869	121278	5054	3269	6728	89932	2892	6095	84062	7905	1128	1385	2289	10098	627	1395	2932	5243	7166	
serine-protease-inhibitor		7032	7177	5644	
serotonin-receptor-agonist		3352	3351	
serotonin-receptor-antagonist		4544	5243	3356	3357	3358	4543	
serotonin-receptor-inverse-agonist		3356	1813	
serotonin-receptor-partial-agonist		3620	10919	29994	846	10352	124274	883	6582	206358	
serotonin-reuptake-inhibitor		6530	6531	6532	1544	146	147	1812	148	1813	3350	1816	1559	1557	3356	1565	3358	3362	3363	10919	3752	3751	1576	3756	3757	4158	3269	1128	1129	1131	1132	1133	627	
serotonin-transporter-(SERT)-inhibitor		6530	6531	6532	2950	1544	1576	5243	2289	5467	1812	7157	3351	3357	6331	3356	1565	3358	
serotonin–norepinephrine-reuptake-inhibitor-(SNRI)		3458	6530	6532	1544	146	147	1812	148	150	3351	3352	153	154	155	3356	1565	3350	3358	1559	3736	3362	3363	3751	3752	1576	10280	4914	4915	3269	5319	3785	3786	3274	59340	100	1128	1129	1131	1132	1133	5617	4985	4986	5243	4988	
sigma-receptor-agonist		1536	6530	6532	2074	1565	1576	10280	653361	4688	4689	1143	2905	116443	10857	1135	1136	1137	1139	1141	5879	5880	4985	4986	5243	4988	1535	
smoothened-receptor-antagonist		1956	51684	4613	6608	5727	
sodium-channel-blocker		1576	2629	
sodium/glucose-cotransporter-inhibitor		6523	6524	
sodium/potassium/chloride-transporter-inhibitor		6557	6559	
solute-carrier-family-member-inhibitor		2784	6560	1636	390245	2859	4780	100379251	3028	118	1080	5594	57468	6557	6558	6559	
somatostatin-receptor-agonist		6752	4353	354	6753	6755	4771	5291	5294	9170	3484	7038	6751	
sphingosine-1-phosphate-receptor-agonist		1901	53637	
sphingosine-1-phosphate-receptor-modulator		53637	1901	1903	1559	8698	
steroid		2908	5319	
steroidal-progestin		6536	5241	2099	
sterol-demethylase-inhibitor		56302	4886	4887	8856	7226	
structural-glycoprotein-antagonist		2243	2244	3690	3674	2266	
succinimide-antiepileptic		1576	8911	8912	8913	6323	
sulfonylurea		3767	2539	3758	6833	6517	3766	1559	5468	
synthetic-estrogen		2099	2100	
tachykinin-antagonist		6697	7364	6869	
thiazide-diuretic		768	771	54790	10888	5139	441108	8854	6934	153	84890	8089	23327	6559	1445	51497	3758	6585	4925	5054	3778	64839	5578	55757	3158	81624	84444	51422	64478	762	1636	65125	162282	759	5742	7408	51061	118	83447	760	131578	51196	80895	
thrombin-inhibitor		3290	3291	28234	10599	
thrombopoietin-receptor-agonist		4352	2147	2153	462	1559	5624	5627	
thromboxane-receptor-antagonist		1576	6915	
thromboxane-synthase-inhibitor		1576	6915	
thymidylate-synthase-inhibitor		1026	3589	1545	7178	1548	9231	2064	10257	2067	1557	1558	1571	1576	1588	3643	3135	64065	581	3667	7252	595	3161	5728	3683	1124	8812	627	5243	7298	81029	6790	4233	84618	5788	673	5290	5296	1728	7372	9429	214	2264	218	2778	1244	4842	3309	4846	26354	3831	9978	153339	7422	6401	55556	3845	2308	79623	1806	1807	8490	1841	2356	324	5444	6470	85320	10057	332	1869	117583	7515	5980	7517	7518	1890	355	868	8549	10599	873	874	2950	9619	5528	3486	22943	1956	85413	4524	6573	9156	472	63970	3043	995	4583	3559	407018	84465	3570	7153	7157	4089	4602	
thyroid-hormone-stimulant		196	7068	4780	2158	7056	7252	7067	5468	5054	
thyroid-peroxidase-inhibitor		4353	7173	1733	3559	1544	2697	4650	3952	5617	627	3123	1557	7124	1559	7157	5564	1565	
tissue-transglutaminase-inhibitor		1080	4887	6750	10919	
toll-like-receptor-agonist		3439	51053	51284	51311	
topoisomerase-inhibitor		6606	7150	7153	7155	1437	
tricyclic-antidepressant		6530	6532	1544	146	147	148	1813	150	3350	151	153	154	410	7066	3356	1565	3358	152	1576	4157	3269	6609	1128	1129	1131	1132	1133	222962	627	5243	
tryptophan-hydroxylase-inhibitor		121278	7166	
tubulin-polymerization-inhibitor		1573	7846	1544	79915	51053	10383	3315	203068	
tumor-necrosis-factor-production-inhibitor		8451	2952	1544	3082	10	2067	1557	538	6555	7450	6687	3106	606500	2214	2215	1580	4790	2247	7124	1493	2263	5467	1499	7520	27233	2149	3689	1642	5743	368	51185	3570	6137	9978	9469	
tyrosinase-inhibitor		7299	6716	6718	
tyrosine-hydroxylase-inhibitor		6531	3558	1544	1576	7054	3439	627	1557	7350	1559	1565	
tyrosine-kinase-inhibitor		640	3717	3845	4233	2444	2064	3984	2066	9748	10006	1432	25	27	1436	8476	4763	1441	673	5156	1956	5159	5290	558	11183	1969	6777	695	50488	4921	6714	51135	51776	3265	6850	2242	324	23235	4294	6725	10188	150094	57551	3791	5586	2260	2261	9429	3417	90	5467	3932	2268	7006	23387	3418	8289	4067	5604	5605	7525	2534	613	3815	867	51053	10733	3055	367	8444	7157	1399	4088	5753	9212	
urease-inhibitor		124056	5225	643834	
uric-acid-diuretic		116085	1559	
uricosuric-blocker		9376	2539	9356	4363	5243	367	24145	55867	53919	
vasodilator		51426	6530	390245	10919	328	5965	146	147	148	3091	246	151	3028	150	152	
vasopressin-receptor-agonist		552	553	554	5021	
vasopressin-receptor-antagonist		552	554	
vesicular-monoamine-transporter-inhibitor		7298	3082	7442	8856	7066	10919	1576	4137	6570	6571	79915	4907	29994	3757	4023	10951	6863	54737	9682	4057	2796	51053	5743	367	5243	
vitamin-B		4837	1544	1576	338442	8843	84649	23475	1557	1559	1565	27198	
vitamin-D-receptor-agonist		1594	7421	
vitamin-K-antagonist		813	8529	2677	79001	5243	348	
vitamin-analog		367	4780	7421	10919	
voltage-gated-calcium-channel-ligand		27232	4548	4552	635	875	10988	10840	5723	1373	23743	
voltage-gated-sodium-channel-blocker		801	6331	
xanthine-oxidase-inhibitor		23040	54657	54658	54659	64388	1544	1557	1559	28951	1565	1576	128553	54575	54576	54577	54578	54579	170679	316	5311	22854	54600	100130889	7498	5460	9429	360158	79718	4855	
