A01A		4864	5315	1956	2246	9641	3562	6283	4780	6284	367	2548	5141	29110	9367	3320	5144	5143	5142	
A02B		81025	2697	2700	2701	2702	2703	2705	2706	2707	2709	57369	127534	10804	125111	10052	57165	24145	84694	3290	56666	349149	375519	100126572	116337	219770	
A03A		10919	1544	1129	1576	1128	1132	1131	1812	1565	
A03B		1128	1129	1131	1132	1133	
A05A		9377	1346	1345	1349	1350	5319	1351	151306	1066	1327	1339	1329	1340	2104	2235	2172	126	
A07A		3320	1565	1544	1576	56302	1551	9682	1557	1559	8856	3417	7226	5243	7421	
A07D		801	7010	5443	773	1576	2475	367	7157	7253	4985	4986	5243	4988	1565	
A08A		8513	221955	26090	747	2194	1268	4023	57406	5054	5406	
A10B		23269	8972	6476	4023	2548	6517	279	
A11H		7040	10423	4907	4908	4023	1490	627	3667	7157	887	921	5340	4893	7006	2911	
A14A		2560	2561	2562	2563	2564	2565	2566	2567	2568	23435	51083	7054	8856	6820	6822	1576	10280	5290	5291	2099	2100	581	55879	332	1490	3667	9429	2902	2903	2904	5465	2906	5595	116444	2905	3292	116443	3558	4842	2539	2670	367	9970	6517	2554	2555	2556	2557	2558	2559	
B01A		813	8529	2677	79001	5243	348	
B02B		4352	10599	2153	28234	11309	462	6580	
B05B		3172	1508	3146	3308	366	3315	6197	760	7066	1499	7486	383	
B05C		6019	7852	5294	2993	6517	
C01A		480	481	482	483	486	367	476	477	478	
C01B		1544	148	1557	1559	153	796	1565	3743	1573	9254	1576	3753	1577	2475	3757	6713	6331	653509	10951	8912	51053	9722	5243	7038	
C01C		1544	5139	5140	3091	1557	5142	7068	10919	1576	4137	11201	7124	3028	216	5347	390245	7398	246	7421	
C01D		1576	79915	4780	2030	7066	
C01E		5729	117155	5732	1559	5731	6915	1544	1576	5734	5739	347732	1557	378807	117144	1565	
C02A		2784	5617	146	147	148	1557	150	1559	151	6580	152	1565	8639	
C02B		1544	1576	8973	1134	1135	1136	1137	1139	1143	1559	1565	
C02C		6530	146	147	148	150	151	152	
C02D		3778	10919	1544	4907	4843	9420	759	760	4023	3764	885	3767	6616	476	796	1565	6559	
C03B		771	1636	762	759	4878	23632	183	760	4314	6557	766	6559	
C03C		2784	6560	1636	390245	2859	4780	100379251	3028	118	1080	5594	57468	6557	6558	6559	
C03D		6548	6553	57113	26	10919	40	41	1579	3762	5311	6337	6338	6339	6340	51393	9033	5328	3028	9311	
C05B		2864	2161	2167	5338	338557	
C05C		51426	196	5423	9682	5429	
C08C		1636	774	775	1576	1577	778	776	779	781	4878	783	786	183	
C08D		113026	3741	775	1544	1576	779	781	786	1557	1559	5243	1565	3359	
C08E		801	773	10919	3784	5243	9132	3417	6331	476	1565	7134	
C09A		1636	4548	5547	4524	1585	183	154	
C09C		3777	10019	1636	55111	10888	1585	442038	185	84444	
C10A		3329	54658	54659	1803	7052	5243	221458	19	1557	3990	1558	8856	22937	1559	1565	3363	116519	1576	1577	3627	1581	5294	1071	11309	2224	3123	949	185	29116	959	4547	5444	7364	196	2247	5447	28234	5327	338	7124	3156	9429	9177	5467	1244	348	5602	355	1636	3684	27235	10599	3559	4842	3949	624	64241	3953	6262	6646	632	7035	
D01A		1544	54795	3725	3091	1557	1559	8856	154	7066	1565	6311	1576	554	29994	3757	1072	9266	2740	387129	7226	11069	3783	10951	79054	9682	7253	983	5594	5467	51053	367	9970	7157	3320	3579	
D01B		1576	367	3859	3028	8856	
D02A		3172	1508	3146	3308	366	3315	6197	760	7066	1499	7486	383	
D03A		51426	1576	5578	5579	5580	1557	1559	57016	3290	5468	1565	
D05A		4609	5251	3558	51053	9518	367	5328	690	1591	7421	7038	
D05B		3553	5947	5347	7398	4137	11069	51053	6256	6257	6258	9682	6774	2648	5914	5915	5916	7421	
D06B		3586	6564	5965	25	4860	1791	
D07A		301	51053	367	3091	3417	2908	387129	
D07X		5319	4780	301	367	3091	2908	
D09A		6019	7852	5294	2993	6517	
D10A		7398	6256	6257	6258	5914	5915	5916	
D10B		3586	1027	4869	4613	7182	2322	3091	8854	1559	5914	5915	5916	5918	5029	10919	1577	4780	7101	190	332	6096	6097	596	2648	216	2521	5467	9052	54880	7398	6256	3312	6257	6258	4087	3576	5371	7421	
G02A		5729	5731	5732	5733	6915	5734	5737	11251	
G03C		367	6097	2099	2100	387129	
G04B		5729	117155	5732	1559	5731	6915	1544	1576	5734	5739	347732	1557	378807	117144	1565	
G04C		6336	10919	11280	146	147	148	2548	6326	6323	6328	6329	3028	6331	6332	6334	6335	
H02A		3074	5539	5320	3736	2908	
H03A		196	7068	4780	2158	7056	7252	7067	5468	5054	
H03B		3106	7173	1544	3123	1557	1559	
J01B		1604	1576	3146	1557	216	
J01C		3586	2952	1544	9356	1557	1559	8856	1565	3105	3106	3107	6564	6565	1576	3119	3122	3123	5429	3127	51426	
J01D		9376	290	6564	6565	9356	8856	1244	
J01E		1571	1576	2539	1557	1559	1565	
J01F		1544	1576	7498	4842	4363	2862	1557	1559	7035	1565	
J01M		1571	581	1544	1576	2539	7153	3028	1557	1559	1565	
J02A		1544	1576	23435	1557	213	1559	3320	1595	1565	
J04A		1571	2950	7975	1544	1576	4843	5243	1555	7124	1557	1558	1559	8856	7514	571	
J04B		3105	3106	1544	1576	1719	2539	2796	3123	1559	1565	1727	
J05A		3586	6564	5965	25	4860	1791	
L01A		1544	1576	2539	1869	5328	2936	1557	1559	216	1565	4255	
L01B		4609	7298	3589	2950	54790	3976	171023	54802	2322	919	25	7066	4255	79915	4780	174	2624	5328	6097	978	216	3417	4088	2908	6876	3043	51053	367	7157	2678	3064	1786	1788	7038	
L01C		81027	10376	84617	10381	10382	10383	8856	4133	4134	7846	347688	4137	113457	84790	203068	112714	596	347733	7277	7278	7280	
L01D		6606	7150	7153	7155	1437	
L01X		10951	1544	1576	6311	2475	10919	3757	79915	7153	690	7155	1812	1557	3028	1559	1565	
L02A		3976	1544	1557	1559	8856	5788	5021	1565	2852	2597	10919	1576	3757	2099	2100	2101	3778	1356	5965	462	5328	6097	1490	2908	5468	5858	4843	367	6517	5624	5627	
L02B		1545	2796	1583	1588	2678	7033	7038	
L03A		4000	3269	7398	10919	3274	759	59340	222962	11255	763	766	
L04A		2944	7298	7172	1544	10257	1557	1559	1565	3614	1576	79915	4780	3117	494514	3251	3123	316	65992	7252	3417	79068	5471	3043	55270	5741	7157	3704	
M03A		1128	1129	1131	1132	1139	
M03B		9568	115207	4842	4780	6863	2353	2641	627	7252	4790	2550	57528	386617	
M03C		1544	1576	4137	1557	6262	1559	6261	6263	1565	
M04A		23040	54657	54658	54659	64388	1544	1557	1559	28951	1565	1576	128553	54575	54576	54577	54578	54579	170679	316	5311	22854	54600	100130889	7498	5460	9429	360158	79718	4855	
M05B		3589	5802	523	5775	5328	2224	1588	4598	5788	7421	5791	
N01A		3757	148	1813	1814	1815	3356	1565	
N02A		1544	1576	4985	4986	4988	1565	
N02B		8704	51206	1544	9	3082	10	3084	27159	1559	1565	136227	1576	161835	3115	3116	3119	3123	6197	9278	4170	2638	7248	3156	8792	3673	3162	3674	9311	1636	5733	5732	2149	3176	3690	5739	1645	5742	5743	2670	1649	5741	2162	10873	134	23177	2207	5290	174	4790	4791	183	4792	2247	5321	5335	51422	10463	6892	3309	4846	375033	2811	6915	6916	54578	4914	8529	5468	355	1909	53632	7040	6539	80781	7067	5028	5562	5563	5564	7098	5565	5571	8660	4056	3551	3553	3565	7157	3576	
N03A		2052	8325	1543	1544	1548	11280	1555	1557	1558	1559	8856	1565	3105	3106	1576	1577	4524	3119	10928	6323	3123	6326	6328	6329	6331	6332	6334	6335	6336	7364	4049	7124	5460	2908	1244	7133	3172	3303	3305	7916	7917	367	5617	9970	2678	632	2554	
N04B		6580	1813	2903	2904	2905	2906	116443	
N05A		1544	147	148	1813	3350	1812	3356	1565	
N05B		10919	1577	4780	5617	1813	3350	216	
N05C		10919	1544	2567	1557	2554	1565	
N06A		4544	5243	3356	3357	3358	4543	
N06B		6530	6531	6532	7253	2902	2903	2904	2905	2906	116443	116444	1565	
N06D		2532	10919	1544	1576	2539	259249	51284	1557	1559	54106	1565	445	
N07A		1128	1129	1131	1132	1133	
N07B		2560	2561	2562	2563	2564	2565	2566	2567	2568	55879	2902	2903	2904	2905	2906	116443	116444	2915	2554	2555	2556	2557	2558	2559	
N07X		4864	1544	23435	11280	9367	1576	3757	6323	6326	6328	7224	6329	6331	6332	6334	6335	3776	54207	6336	3780	3782	3783	23657	50801	
P01B		1543	3176	1545	2539	1558	
P02B		4137	51053	2740	3320	3417	1786	387129	
P02C		1573	7846	1544	79915	51053	10383	3315	203068	
P02D		4864	8321	1544	3091	9367	1559	7066	1565	5540	10919	1576	4137	6311	2475	4780	5315	324	196	6606	6607	7253	3417	2778	51053	57582	6256	7157	6774	
P03A		6531	255239	1544	1813	1557	1559	154	7066	10919	1576	79915	4780	4524	2475	3248	4790	185	706	10951	54737	9682	3028	1621	216	217	218	5467	861	224	865	5347	51053	2670	5999	367	2678	3320	5243	7421	
R01B		6530	43	6571	148	1813	154	
R02A		672	11201	51426	641	5347	29127	3417	328	10411	4780	11069	3091	5429	3064	7421	2237	7486	
R03B		1544	1576	113263	1394	1906	4306	1557	1559	8856	5241	2908	1565	
R03D		134	135	136	140	8654	5139	5140	5141	5142	5143	5144	3066	
R05C		6531	1147	4493	3480	7450	48	4914	653509	3014	54472	1869	5970	2902	2903	2904	2906	116443	3164	3551	95	390245	23657	3949	6517	2937	3579	
S01A		3586	6564	5965	25	4860	1791	
S01C		1544	55816	197131	3084	1557	1559	1565	1576	2625	70	6223	1103	1119	2158	5745	2678	2168	5243	7298	6281	3726	655	6295	8856	4780	2744	185	190	653509	5836	4306	6361	5858	4843	3312	10993	4851	7412	7421	83716	1800	4880	5914	3363	5925	1831	3880	2348	301	4914	332	6476	338	5970	6999	5979	2908	7003	367	6517	7038	54658	2950	9607	3976	7049	4494	552859	3484	7069	7082	942	494514	5054	8660	1493	2516	1499	8692	6646	1015	4088	1017	1019	1021	
S01E		1128	1129	1131	1132	1133	
S01F		6530	43	6571	148	1813	154	
S01H		6336	801	390245	1544	4650	51053	6331	
S01X		6531	1147	4493	3480	7450	48	4914	653509	3014	54472	1869	5970	2902	2903	2904	2906	116443	3164	3551	95	390245	23657	3949	6517	2937	3579	
S02A		1604	1576	3146	1557	216	
S02B		1544	55816	197131	3084	1557	1559	1565	1576	2625	70	6223	1103	1119	2158	5745	2678	2168	5243	7298	6281	3726	655	6295	8856	4780	2744	185	190	653509	5836	4306	6361	5858	4843	3312	10993	4851	7412	7421	83716	1800	4880	5914	3363	5925	1831	3880	2348	301	4914	332	6476	338	5970	6999	5979	2908	7003	367	6517	7038	54658	2950	9607	3976	7049	4494	552859	3484	7069	7082	942	494514	5054	8660	1493	2516	1499	8692	6646	1015	4088	1017	1019	1021	
S02D		6336	4353	1956	1576	6505	2539	11280	6323	627	6326	6328	6329	6331	6332	6334	6335	
S03A		1604	1576	3146	1557	216	
S03B		1544	55816	197131	3084	1557	1559	1565	1576	2625	70	6223	1103	1119	2158	5745	2678	2168	5243	7298	6281	3726	655	6295	8856	4780	2744	185	190	653509	5836	4306	6361	5858	4843	3312	10993	4851	7412	7421	83716	1800	4880	5914	3363	5925	1831	3880	2348	301	4914	332	6476	338	5970	6999	5979	2908	7003	367	6517	7038	54658	2950	9607	3976	7049	4494	552859	3484	7069	7082	942	494514	5054	8660	1493	2516	1499	8692	6646	1015	4088	1017	1019	1021	
V03A		6531	1147	4493	3480	7450	48	4914	653509	3014	54472	1869	5970	2902	2903	2904	2906	116443	3164	3551	95	390245	23657	3949	6517	2937	3579	
druggable		3350	50632	1813	1812	3356	3358	3361	3351	151	1815	1816	3352	1814	3357	150	152	8856	2100	2908	367	9971	2099	5241	355	1728	324	1807	3589	4842	1890	117583	868	1026	9619	5528	3486	5290	6573	7515	3309	84465	1557	81029	3845	407018	3683	5728	1124	1806	218	6470	10257	9429	4846	8812	7422	8549	5980	3643	332	7517	3043	1869	8490	6790	7518	9156	3667	64065	22943	85413	2067	673	2778	10057	4602	3135	4524	1548	153339	84618	995	5243	5788	1244	7298	5444	472	3161	1558	55556	214	9978	9231	6401	2308	1841	7372	1956	3831	63970	7252	581	7178	2950	874	873	4089	79623	85320	627	4583	2264	2356	10599	7157	595	1571	2064	3559	4233	1576	5296	26354	1545	3570	7153	1588	216	5999	153201	10919	206358	4137	6256	5467	9568	2550	896	4893	1021	1029	894	6597	1019	1584	1586	29940	7259	7006	695	3702	7294	3718	640	660	2534	3932	4067	6714	2066	2561	2915	2558	116444	2555	2563	2554	2903	55879	2567	2568	2565	2557	2904	2906	2562	2560	2564	2559	2566	2902	2905	116443	2556	23269	6517	2548	4023	279	8972	6476	7038	153	1129	1128	1132	1133	1131	5743	1559	5742	8529	348	2677	79001	813	148	1544	147	1565	4321	771	358	760	3106	23632	761	762	4313	759	361	766	3767	6833	3766	3758	43	1636	1135	4493	3480	5970	3164	6531	23657	54472	2937	3014	653509	3949	390245	95	3551	48	3579	7450	1147	4914	5916	6257	7421	3553	6258	51053	9682	5915	6774	2648	11069	5347	7398	5947	5914	7155	1437	7150	6606	51426	2237	3064	4780	11201	3417	10411	672	641	5429	29127	3091	328	7486	1910	1909	25	6564	1791	3586	4860	5965	54795	64078	134	55300	9154	55361	136	9153	60482	135	140	1134	2065	3084	27436	4543	4544	1573	203068	10383	7846	3315	79915	154	2740	1843	9575	169044	1395	866	1139	238	4869	2260	5979	5791	523	5775	4598	5328	5802	2224	1594	6332	6326	11280	6335	146	6329	6323	6328	3028	6331	6336	6334	54659	54600	5311	54657	54578	54575	28951	22854	360158	7498	23040	100130889	54576	4855	5460	64388	54579	170679	128553	54577	54658	316	79718	6536	5287	23533	5291	146850	3265	5295	8503	30849	5293	5286	207	5604	2263	5925	5297	6446	5294	2261	2475	5289	5288	347732	378807	5732	5739	5729	117144	117155	5731	6915	5734	4988	4985	4986	6580	2629	301	387129	2936	4087	7040	5167	4609	251	57113	3762	6338	26	6337	6339	6340	40	6548	41	1579	9033	51393	9311	6553	5340	4018	5327	1583	7033	2678	2796	5141	8654	3066	5139	5143	5144	5140	5142	240	30814	9722	9254	3743	796	6713	3753	10951	1577	8912	3757	25970	9135	56899	4160	3786	3274	100	3752	3751	3458	155	59340	6530	10280	5319	4915	5617	3736	3269	3362	3363	6532	3785	3562	3320	9641	9367	6283	6284	5315	29110	4864	2246	775	4878	778	774	781	783	776	779	183	786	3290	28234	3291	1543	3176	2539	7066	9	3359	3107	3127	2952	3119	3122	3105	6565	3123	9356	2166	7124	246	7068	6311	690	58508	81027	4982	8600	9448	3481	2147	2638	6607	2159	6697	6869	7364	801	2149	3354	319100	1268	255239	7296	5594	5595	3725	476	1555	23435	487	9963	9962	5733	3082	1649	375033	2811	3162	7067	4791	2247	27159	80781	3690	5321	4790	2207	5468	4170	5563	3674	8704	6916	3673	3565	174	53632	23177	1645	51422	5028	8792	4056	136227	8660	5571	7248	3576	6197	5562	6892	10873	6539	5564	2670	51206	161835	10463	3156	9278	5335	3115	5741	7098	4792	2162	3116	10	5565	1756	1080	4057	7253	64241	22937	29116	1803	7052	185	1581	5602	3990	949	6262	19	624	3684	632	3627	221458	1071	5447	3953	4547	6646	7035	116519	11309	9177	338	959	196	3329	27235	5021	553	554	552	2980	8989	25824	5627	2153	5624	462	4352	10733	5156	3815	2321	7428	7525	1435	5155	3791	5159	2324	919	1786	6876	3976	6097	1788	54790	54802	2322	978	171023	4088	2624	4255	3614	65992	55270	2944	3251	3704	7172	494514	3117	5471	79068	6716	7299	6718	186	2862	4363	6558	6557	3416	2353	386617	6863	57528	115207	2641	590	7297	2580	3716	2185	22848	3717	55589	3572	3558	4297	9759	83933	55294	10013	10014	3065	51564	8841	79885	55869	9734	1585	4548	5547	6559	8913	1644	5423	9612	3248	1610	29994	773	9132	7134	3784	11255	3163	5599	10062	5465	354	999	8837	8085	10468	3303	4129	4128	5737	8644	6416	4763	5609	5606	5607	5608	2776	2767	5605	91703	1215	5476	1513	1514	1520	8722	282617	101180976	29893	5696	5720	5693	2161	5694	11047	5704	338099	9622	5708	5691	5714	823	1508	170541	5702	23198	5695	5683	5644	54035	5699	10197	7979	3316	331	3308	5682	5700	5717	5707	5715	5684	1493	280644	5713	5685	5719	5688	596	122706	151645	9861	5689	5709	5692	5687	9491	5711	5645	4851	266971	5366	5706	5690	599	653247	5705	5698	5718	10213	5710	5686	5646	5716	338091	143471	5721	5701	6793	57118	11183	8428	2444	23235	3055	818	10746	613	10188	23387	1017	150094	6789	4159	4161	4157	4158	4306	6098	763	4852	2668	3952	6295	5566	1394	1906	113263	2859	100379251	2784	57468	6560	118	4654	3312	2251	3741	22908	6571	2587	2289	2035	1621	1312	1137	2898	2891	10382	113457	10376	10381	7277	7278	347733	7280	112714	347688	84617	7275	84790	7010	5145	10846	2911	9170	5152	50940	5146	4650	3710	5153	5136	5158	27115	6263	5137	5150	8622	7220	5151	3708	816	5591	5138	6469	4968	3709	6261	9518	1591	5251	6524	6523	442038	3777	10888	84444	55111	10019	108	11320	100302267	374	51716	1066	10864	4907	5111	6447	4908	10535	7442	2057	4048	59272	6750	4843	5054	4318	5029	3172	9970	10928	2052	4049	7916	7133	8325	7917	3305	10804	56666	2701	81025	219770	10052	24145	100126572	2707	2700	2697	2703	57165	84694	2709	57369	125111	375519	2705	127534	116337	2702	349149	2706	7173	9376	290	4353	52	7341	58190	8714	842	239	1027	93589	768	149233	777	5163	51738	836	9536	1499	5170	55799	9564	8911	782	56479	785	489	784	488	83942	23430	3973	2798	3146	1604	57053	1727	259249	2532	51284	445	54106	3158	3778	1719	64146	7957	7224	5005	6609	5004	4922	885	4314	64816	3783	9377	2172	1349	2235	126	1340	2104	151306	1339	1327	1346	1350	1345	1329	1351	7056	6582	55244	2214	146802	222962	846	54737	285761	4036	374378	366	2068	2175	6240	2938	675	4191	2729	4214	406991	2176	4496	5917	2395	3569	2922	55902	4300	1677	1647	8661	54474	5894	79444	7161	3980	3074	4595	4613	2730	2551	545	92815	9121	2072	51727	7520	3360	10849	147700	98	6794	4771	540	7852	7012	10848	6772	150677	4494	283106	7508	1111	55332	7329	2880	1015	4193	5893	1317	51455	2074	121278	84062	6728	2869	7166	2731	7905	6095	23327	55312	151194	1385	89932	2892	2932	127254	10098	6506	56616	56655	6241	54107	1633	5427	5422	50484	5426	2150	5027	292	291	293	322	5424	6319	983	1072	2168	8639	29104	64805	9266	79054	7226	3355	887	3125	3727	718	3760	3699	6505	2194	23216	9023	1551	369	2741	6717	23476	2742	7849	3689	1387	3606	4133	5539	5320	765	1553	2158	5782	2120	6286	6783	1562	5478	2357	819	8647	10105	5530	6554	5535	2890	486	2893	64127	4887	655	10320	22978	116085	6820	2625	51251	861	2623	552859	7490	116931	55816	8202	29102	1136	1143	8973	1141	3183	4835	10525	132	4286	2146	5879	342371	3984	10735	79858	5226	23649	5430	3747	23415	2078	3748	3788	3755	131096	93107	81033	169522	3756	9312	3738	3749	3737	26251	3744	3769	3745	3790	23416	170850	27012	3746	3754	3750	27133	3739	3742	90134	3787	4153	1356	6347	93659	412	114814	6527	1441	5753	27	8476	50488	51135	1436	6850	1399	2268	2242	558	10006	51776	4294	57551	5586	8289	1432	90	9212	1969	9748	4921	867	6725	3418	6777	8444	351	8828	80339	3921	2328	54093	865	1109	8574	410	7054	6822	51083	3292	1490	1259	1260	3781	3782	3780	477	482	480	483	481	478	2205	8692	190	10993	6999	6223	1119	83716	1103	2744	5836	3484	5745	6361	3726	5858	7049	7069	4880	197131	2516	1800	7003	7082	3880	7412	2348	70	9607	942	1831	6281	495	496	5579	4689	653361	5880	1536	1535	4688	10857	834	3326	3557	2139	6616	3764	9420	80036	213	1429	247	1471	353189	7432	2030	113026	11251	5148	7251	5147	5149	224	706	217	4134	285242	200909	170572	5452	8493	6935	10327	6390	6872	6670	2215	53353	546	3776	5053	9652	54881	57194	79750	57101	125170	55904	4684	2220	27130	9378	285852	79644	6715	5225	643834	124056	4886	56302	384	4953	7357	1832	54207	338567	27032	51305	513	2743	526	57016	5578	5580	28996	1613	4486	57396	5747	5871	1196	120892	2241	1022	6788	4916	5588	5582	4058	231	467	122953	4772	468	1386	22926	11016	22809	466	7170	831	50943	1105	4194	5740	2266	2244	2243	2872	54206	147746	25865	3605	1595	653	2852	2101	2597	55775	4130	2864	338557	5338	2167	11238	377677	8484	8648	10914	10097	283871	6585	94025	10673	8398	1977	79659	208	8314	8242	201163	10000	7249	55193	2280	57521	29881	1024	10110	5613	1020	5567	9475	5569	23683	6198	11200	6093	1401	64386	335	9370	1180	160728	53637	1901	64326	2026	958	6387	6862	6608	55107	84152	15	3763	3765	7494	5037	6720	161357	113235	2350	2352	125	847	124	2053	898	10988	27092	27091	10369	10368	59285	59283	59284	7177	7032	1142	1145	1146	1144	1138	1140	55584	4311	7376	1048	55872	415116	84446	5261	5601	22933	3654	5292	2012	1453	4793	817	23118	988	2274	170954	84920	1635	840	400745	64132	11044	3177	57650	1041	4439	7465	55315	60490	1612	81704	2114	79969	5104	30833	135656	10866	10060	1374	3859	1742	6035	2593	7803	2058	1277	2900	340273	1804	5997	9456	84107	84159	440275	219790	9152	11214	22874	1861	4825	3339	60598	56659	56660	8645	9099	6392	7415	3002	6613	2584	2746	222236	4000	6122	7015	51497	83447	8854	131578	6934	84890	441108	4925	64478	1445	51196	64839	8089	81624	7408	65125	55757	51061	80895	162282	405	1667	182	4312	5091	3038	3552	4217	5336	4615	3992	2182	2181	6546	56853	80224	375298	10718	6579	6583	10941	5244	780	25989	10018	8534	2810	1572	5583	81608	92241	6584	51311	3439	7020	6778	2739	133	145482	5581	921	10423	7361	10512	7048	10111	8824	864	5300	116447	9636	83795	7975	7514	571	4881	2974	2977	348980	10021	57657	378938	115019	6570	6622	5376	113451	435	84889	6541	222545	6545	23564	11240	51702	29943	23576	5009	353238	23569	27232	4552	23743	1373	875	5723	10840	635	10855	5538	162466	29904	1723	7423	1642	51185	7424	8451	9900	23620	4935	3600	9986	6462	255738	5443	55117	4868	27347	5829	929	2222	3988	7057	57582	1191	1181	221785	1234	3249	8288	9168	2691	438	6096	811	5187	2155	8858	154807	3615	6928	26121	80704	57094	2330	11132	26960	32	6514	269	6581	6667	1809	1400	11252	114571	3824	8836	7128	270	514	6648	6279	6504	55867	259232	646023	3809	5797	3133	9194	6898	23384	7099	3385	2346	471	2209	839	941	3567	7350	51167	51706	51700	2868	6521	5584	5590	5587	55351	2595	23193	9453	6817	4154	7468	10800	56934	64409	715	7113	54822	117	1392	6288	57105	2993	6019	8924	6941	10622	54535	89845	10758	4837	27198	23475	8843	338442	84649	8321	5540	683	23408	23411	142	23410	3939	7365	1991	2326	3094	23284	8001	320	8170	1188	1187	91607	10038	10002	7225	7222	10090	23516	6752	6753	6751	6755	2947	5367	22987	339745	2671	2696	79728	51755	580	23624	10039	6273	6271	6285	4221	3067	8513	26090	5406	221955	57406	747	4759	4758	3991	5020	1826	8379	7090	3925	2342	27250	1978	166378	4778	2044	121512	6663	85363	9149	6598	10298	1030	1859	4751	1025	2011	728734	4502	7366	6818	6046	445329	5025	2618	1787	1375	1376	623	7334	84706	18	2572	2875	6810	250	6513	7200	10877	2717	5789	5045	6300	5600	5603	57007	1233	729230	8737	8767	11035	23097	5981	6037	387	9510	947	3931	4155	53919	27345	3779	27094	10242	960	538	5076	940	4831	5266	2047	1380	1075	116	1733	8566	3240	3073	8517	3297	26275	29941	5585	133688	9262	693167	3775	9424	157855	2815	23090	2157	10644	4760	169026	5078	6017	57665	6010	51109	5949	7182	54884	10901	220	112724	9227	50700	5959	145226	9249	4277	8638	120227	285	3875	645	23316	84871	9750	50801	3000	2982	2983	2913	2917	2895	27068	345222	345	1485	1032	6356	154796	5724	64109	3575	5329	10536	2628	23463	5360	2152	1056	8698	1903	3574	1634	6009	2288	5934	139760	1990	6754	5727	51684	5597	5777	5598	2248	5596	6732	1725	38	9308	8797	5154	2130	56034	4288	5787	80310	3596	6768	5024	5032	2492	890	53829	6692	5031	6696	200186	387082	5371	22800	5304	10682	144455	83938	5337	2956	54878	91039	10762	9469	6687	6137	6555	368	606500	1580	27233	10560	27010	9615	5631	4923	5019	6529	5770	11188	6776	2645	2901	2899	2897	8528	1848	2115	55510	2119	5921	2118	23152	27306	23028	7101	9052	54880	5918	2521	909	285834	6275	10449	124274	883	3620	10352	353174	6051	383	1646	7915	55800	6327	6324	4967	36	6330	284656	2049	285220	2041	2051	2050	2043	2045	2046	2042	2048	7301	123688	7060	80243	10734	3492	598	53373	130271	219931	30820	140679	51175	7283	51174	5744	1081	71	822	55722	2151	9002	1108	112755	339105	2621	4734	444	80821	2626	57834	3770	3768	3772	4830	7083	9692	770	767	
