11-beta-hydroxysteroid-dehydrogenase-inhibitor		81025	2697	2700	2701	2702	2703	2705	2706	2707	2709	57369	127534	10804	125111	10052	57165	24145	84694	3290	56666	349149	375519	100126572	116337	219770	
ALK-tyrosine-kinase-receptor-inhibitor		4869	1029	4233	27436	238	2260	4089	5979	
ATP-channel-activator		1576	10060	6833	3767	796	
Abl-kinase-inhibitor		6789	6793	2444	25	57118	1956	11183	818	6714	23235	10188	150094	23387	4067	5604	5605	2534	613	8428	3055	1017	10746	7294	
BCL-inhibitor		5728	673	3492	3845	4869	3417	4170	5290	2322	596	7157	598	599	25	3418	
Bcr-Abl-kinase-inhibitor		6789	6793	2444	25	57118	1956	11183	818	6714	23235	10188	150094	23387	4067	5604	5605	2534	613	8428	3055	1017	10746	7294	
Brutons-tyrosine-kinase-(BTK)-inhibitor		640	4067	1956	3718	2534	2064	7006	2066	660	3702	695	6714	3932	7294	
CDK-inhibitor		896	1029	6597	3845	2064	1021	2099	2100	7157	595	5241	1019	4893	894	
DNA-alkylating-agent		1544	1576	2539	1869	5328	2936	1557	1559	216	1565	4255	
DNA-inhibitor		1544	1576	2539	1869	5328	2936	1557	1559	216	1565	4255	
DNA-methyltransferase-inhibitor		4609	7298	3589	2950	54790	3976	171023	54802	2322	919	25	7066	4255	79915	4780	174	2624	5328	6097	978	216	3417	4088	2908	6876	3043	51053	367	7157	2678	3064	1786	1788	7038	
DNA-polymerase-inhibitor		3586	6564	5965	25	4860	1791	
DNA-replication-inhibitor		4864	8321	1544	3091	9367	1559	7066	1565	5540	10919	1576	4137	6311	2475	4780	5315	324	196	6606	6607	7253	3417	2778	51053	57582	6256	7157	6774	
DNA-synthesis-inhibitor		487	1576	23435	1548	8856	1555	216	
DOPA-decarboxylase-inhibitor		10919	10951	1644	5999	7421	
EGFR-inhibitor		673	1956	3845	4233	3084	27436	2064	2065	2066	4893	
FABI-inhibitor		1571	2950	7975	1544	1576	4843	5243	1555	7124	1557	1558	1559	8856	7514	571	
FGFR-inhibitor		673	5156	7525	3815	5159	3791	2321	2324	2260	2263	5979	4893	
FLT3-inhibitor		7297	3716	3717	3718	2322	23476	
GABA-receptor-antagonist		2560	2561	2562	2563	2564	2565	2566	2567	2568	55879	2891	2898	1137	1139	2554	2555	2556	2557	2558	2559	
GABA-receptor-modulator		10919	1544	2567	1557	2554	1565	
HCN-channel-blocker		10021	1576	348980	57657	378938	
HCV-inhibitor		9153	5476	1576	1513	1577	1514	1520	101180976	8722	282617	5243	7421	1215	
HDAC-inhibitor		54658	55869	9734	4297	10013	8841	51564	79885	10014	3065	3066	83933	55294	9759	
HIV-integrase-inhibitor		54658	1576	1577	5452	1551	9429	8856	
HIV-protease-inhibitor		3586	54658	1544	8714	4363	10	1555	1557	1559	8856	3356	1565	1576	1577	4780	3123	387129	7364	9429	1244	3172	367	9970	5243	
HMGCR-inhibitor		3329	54658	54659	1803	7052	5243	221458	19	1557	3990	1558	8856	22937	1559	1565	3363	116519	1576	1577	3627	1581	5294	1071	11309	2224	3123	949	185	29116	959	4547	5444	7364	196	2247	5447	28234	5327	338	7124	3156	9429	9177	5467	1244	348	5602	355	1636	3684	27235	10599	3559	4842	3949	624	64241	3953	6262	6646	632	7035	
JAK-inhibitor		22848	7297	3716	3717	3718	55589	2185	2580	
KATP-activator		6817	1559	1544	1576	10060	3758	5742	3764	1557	3766	3767	796	1565	
KIT-inhibitor		640	3717	3845	4233	2444	2064	3984	2066	9748	10006	1432	25	27	1436	8476	4763	1441	673	5156	1956	5159	5290	558	11183	1969	6777	695	50488	4921	6714	51135	51776	3265	6850	2242	324	23235	4294	6725	10188	150094	57551	3791	5586	2260	2261	9429	3417	90	5467	3932	2268	7006	23387	3418	8289	4067	5604	5605	7525	2534	613	3815	867	51053	10733	3055	367	8444	7157	1399	4088	5753	9212	
Kir6-channel-(KATP)-activator		6817	1559	1544	1576	10060	3758	5742	3764	1557	3766	3767	796	1565	
MEK-inhibitor		5728	3265	54658	673	5604	324	5606	5607	5608	5609	3845	5605	472	2767	6416	2776	4763	4893	
NAD-precursor		4837	1544	1576	338442	8843	84649	23475	1557	1559	1565	27198	
NADPH-inhibitor		1728	2944	1026	4780	1429	1559	216	79001	
Na/K-ATPase-inhibitor		480	481	482	483	486	367	476	477	478	
PARP-inhibitor		5728	672	545	675	142	10038	91607	472	3417	
PDGFR-tyrosine-kinase-receptor-inhibitor		54658	5155	5156	7428	7525	3815	5159	1577	10733	3791	2321	3091	2324	25	1435	
PI3K-inhibitor		30849	3845	2064	4893	673	146850	5925	5286	5287	5288	5289	5290	5291	2475	5293	6446	5295	5296	5297	5294	2099	2100	8503	3265	207	2260	2261	2263	5728	5604	23533	7157	1019	
PKC-inhibitor		3780	3781	3782	1576	1259	1260	2475	5999	3091	3028	2237	1565	
RAF-inhibitor		1029	5894	3845	3984	4763	4893	673	1956	5290	3123	4286	3265	150094	207	2146	342371	5604	5605	2539	10735	79858	7157	5879	
RET-tyrosine-kinase-inhibitor		3265	7010	1956	8837	7525	3815	3845	4233	3082	5290	2767	3791	6098	2322	25	5979	
RNA-polymerase-inhibitor		1565	10919	1544	1576	328	7068	5965	367	6256	6097	2099	5430	246	3064	5467	2908	7421	
RNA-synthesis-inhibitor		641	7298	4869	2950	9734	55816	1543	8841	4363	79885	655	2322	2328	552859	7068	10013	10014	9759	540	5916	1788	10919	4137	29102	54578	494514	55869	2623	2625	7490	8644	328	4297	54093	64078	5965	10320	3921	80339	1109	9429	861	83933	351	1633	51426	355	865	390245	7398	10599	873	874	2539	51564	4846	7150	367	7153	7155	7157	3064	3065	3066	5243	8828	8574	
SRC-inhibitor		6789	6793	2444	25	57118	1956	11183	818	6714	23235	10188	150094	23387	4067	5604	5605	2534	613	8428	3055	1017	10746	7294	
STAT-inhibitor		4864	8321	1544	3091	9367	1559	7066	1565	5540	10919	1576	4137	6311	2475	4780	5315	324	196	6606	6607	7253	3417	2778	51053	57582	6256	7157	6774	
TGF-beta-receptor-inhibitor		7040	5600	5603	1544	3028	5045	7124	1432	6300	
TP53-activator		11201	51426	7398	5319	10919	2475	79915	5999	1812	2237	
TRPV-agonist		10535	1544	1576	3976	4907	4780	4908	2670	6447	2057	7442	627	5111	216	1080	5243	
VEGFR-inhibitor		54658	5155	5156	7428	7525	3815	5159	1577	10733	3791	2321	3091	2324	25	1435	
acetylcholine-receptor-agonist		1128	1129	1131	1132	1133	
acetylcholine-receptor-antagonist		1128	1129	1131	1132	1133	
adenosine-deaminase-inhibitor		7040	1026	84618	56616	4780	5422	5426	5427	50484	331	56655	599	54107	6240	6241	1633	100	7525	3559	7157	4860	
adenosine-receptor-agonist		55361	9154	9153	55300	60482	134	135	136	54795	140	64078	
adenosine-receptor-antagonist		134	135	136	140	8654	5139	5140	5141	5142	5143	5144	3066	
adenosine-reuptake-inhibitor		1576	79915	4780	2030	7066	
adrenergic-inhibitor		1312	6530	6532	55879	2568	1577	2892	2289	627	3351	5243	3356	1565	121278	2559	
adrenergic-neuron-blocker		6530	146	147	148	150	151	152	
adrenergic-receptor-agonist		9575	1843	169044	2740	1395	154	
alcohol-dehydrogenase-inhibitor		10919	847	10327	124	125	126	
aldehyde-dehydrogenase-inhibitor		6531	255239	1544	1813	1557	1559	154	7066	10919	1576	79915	4780	4524	2475	3248	4790	185	706	10951	54737	9682	3028	1621	216	217	218	5467	861	224	865	5347	51053	2670	5999	367	2678	3320	5243	7421	
androgen-biosynthesis-inhibitor		5728	367	1584	1586	29940	7259	
androgen-receptor-antagonist		354	10468	8837	581	999	367	1555	8085	
angiogenesis-inhibitor		4864	54658	5315	3269	27306	79915	3248	7157	9367	410	412	
angiotensin-converting-enzyme-inhibitor		1636	4548	5547	4524	1585	183	154	
antiarrhythmic		64326	3741	1576	2475	5243	3757	1812	153	154	6331	1565	
antibacterial-agent		3320	4780	367	6256	3248	4088	1786	
anticancer-agent		7424	8451	3845	2247	1642	5243	10320	51185	7124	8600	9978	1499	7422	7423	
antimalarial-agent		1576	1577	1548	1555	476	
antineoplastic-agent		4780	3757	1583	1584	6097	1555	2099	472	
antithyroid-agent		3106	7173	1544	3123	1557	1559	
antiviral		132	6532	7432	3606	7450	285	3614	3615	3105	3106	3107	120227	1956	3875	5167	101180976	949	4277	1594	8638	1471	9153	22978	3576	6097	596	216	4312	79068	3949	2030	3569	7157	3704	282617	7421	
apoptosis-stimulant		7296	3725	207	595	5594	5595	3551	
aromatase-inhibitor		54657	5241	81027	9448	1545	58508	2064	2099	2100	1588	4982	8600	3481	5243	
aromatic-L-amino-acid-decarboxylase-inhibitor		390245	10919	4137	4524	1644	3248	9682	3028	216	
bacterial-30S-ribosomal-subunit-inhibitor		3778	3783	1544	1576	64816	
bacterial-50S-ribosomal-subunit-inhibitor		1544	1576	7498	4842	4363	2862	1557	1559	7035	1565	
bacterial-DNA-gyrase-inhibitor		1571	581	1544	1576	2539	7153	3028	1557	1559	1565	
bacterial-antifolate		3105	3106	1544	1576	1719	2539	2796	3123	1559	1565	1727	
benzodiazepine-receptor-agonist		9568	367	6256	2550	5467	
benzodiazepine-receptor-antagonist		2560	2561	2562	2563	2564	2565	2566	2567	2568	1557	4780	706	55879	2554	2555	2556	2557	2558	2559	
bile-acid		9377	1346	1345	1349	1350	5319	1351	151306	1066	1327	1339	1329	1340	2104	2235	2172	126	
bone-resorption-inhibitor		3589	5802	523	5775	5328	2224	1588	4598	5788	7421	5791	
bradykinin-receptor-antagonist		10280	1576	3091	1557	1559	
breast-cancer-resistance-protein-inhibitor		6311	10919	51053	9682	9429	3417	7421	64127	
calcineurin-inhibitor		5478	8647	10599	28234	6554	819	2357	10105	5530	5535	
calcium-channel-blocker		1636	774	775	1576	1577	778	776	779	781	4878	783	786	183	
capillary-stabilizing-agent		51426	196	5423	9682	5429	
carbonic-anhydrase-activator		7170	146	3091	1812	148	150	147	151	153	51738	155	154	152	4137	5291	4780	2475	2237	5053	831	328	5965	7124	3028	5602	51426	390245	2539	8692	6517	4982	7421	
carbonic-anhydrase-inhibitor		4321	3106	771	4313	358	361	4842	23632	759	760	761	762	766	
carboxamide-antiepileptic		2052	8325	1543	1544	1548	11280	1555	1557	1558	1559	8856	1565	3105	3106	1576	1577	4524	3119	10928	6323	3123	6326	6328	6329	6331	6332	6334	6335	6336	7364	4049	7124	5460	2908	1244	7133	3172	3303	3305	7916	7917	367	5617	9970	2678	632	2554	
carnitine-palmitoyltransferase-inhibitor		1376	1544	1576	1557	1565	1374	1375	
cathepsin-inhibitor		839	29994	4780	51053	10988	367	5467	9682	10002	3320	3417	3064	4088	7421	
chelating-agent		54659	1543	1544	1576	2638	367	9429	1591	1594	1244	7421	
chloride-channel-blocker		5347	7398	1544	11069	9612	51053	4363	5423	3248	3091	3028	1559	5468	1244	7421	
cholinergic-receptor-agonist		5029	1128	1129	1131	1132	1133	1135	
collagenase-inhibitor		7490	3558	2058	7124	4088	4313	7803	1277	
constitutive-androstane-receptor-(CAR)-agonist		3269	1544	3249	9970	1559	1565	
cytokine-production-inhibitor		11201	51426	7398	5319	10919	2475	79915	5999	1812	2237	
dehydrogenase-inhibitor		2944	7298	7172	1544	10257	1557	1559	1565	3614	1576	79915	4780	3117	494514	3251	3123	316	65992	7252	3417	79068	5471	3043	55270	5741	7157	3704	
dihydroorotate-dehydrogenase-inhibitor		196	1544	1576	2185	3576	4780	79915	6606	6607	2099	9367	3064	1723	4312	
dihydropteroate-synthetase-inhibitor		1725	1544	1576	3028	1557	4790	1559	1565	
diuretic		3778	3158	759	760	762	6559	
dopamine-precursor		641	6531	3600	7442	1812	1813	1814	1815	1816	1312	4129	10919	4524	6580	5429	185	2237	7486	11201	581	4935	328	10951	5965	1742	54737	9682	3028	1621	5594	3164	51426	100	390245	9456	627	
dopamine-receptor-agonist		3361	3352	50632	1815	1816	152	1812	1813	3350	3351	151	1814	150	3356	3357	3358	
dopamine-receptor-antagonist		1544	147	148	1813	3350	1812	3356	1565	
dopamine-receptor-partial-agonist		3363	1813	3350	3356	1565	
dopamine-reuptake-inhibitor		1312	6530	6531	1636	6532	255239	6571	1548	2289	5617	2035	1812	1813	3356	1621	2587	22908	
ephrin-inhibitor		640	3717	3845	4233	2444	2064	3984	2066	9748	10006	1432	25	27	1436	8476	4763	1441	673	5156	1956	5159	5290	558	11183	1969	6777	695	50488	4921	6714	51135	51776	3265	6850	2242	324	23235	4294	6725	10188	150094	57551	3791	5586	2260	2261	9429	3417	90	5467	3932	2268	7006	23387	3418	8289	4067	5604	5605	7525	2534	613	3815	867	51053	10733	3055	367	8444	7157	1399	4088	5753	9212	
estrogenic-hormone		367	6097	2099	2100	387129	
fatty-acid-synthase-inhibitor		4353	1544	1576	2194	1555	7124	1557	1559	1565	
fungal-lanosterol-demethylase-inhibitor		10919	29994	51053	1586	3417	5467	
gap-junction-modulator		51426	1576	5578	5579	5580	1557	1559	57016	3290	5468	1565	
glucocorticoid-receptor-antagonist		1545	2796	1583	1588	2678	7033	7038	
glucosidase-inhibitor		23269	8972	6476	4023	2548	6517	279	
glutamate-inhibitor		4864	1544	23435	11280	9367	1576	3757	6323	6326	6328	7224	6329	6331	6332	6334	6335	3776	54207	6336	3780	3782	3783	23657	50801	
glutamate-receptor-antagonist		2560	2561	2562	2563	2564	2565	2566	2567	2568	55879	2902	2903	2904	2905	2906	116443	116444	2915	2554	2555	2556	2557	2558	2559	
glutamate-receptor-modulator		486	2890	2891	2892	2893	5965	760	6559	
growth-factor-receptor-activator		1544	1812	3350	3351	1816	3352	3354	3355	3356	3357	3358	3359	3360	3361	3362	3363	206358	10919	7253	2648	9177	
guanylate-cyclase-stimulant		2977	2982	2983	3000	2974	
hemozoin-biocrystallization-inhibitor		9312	64326	3783	1576	3558	2539	1551	222962	5243	7068	1565	2815	
histamine-receptor-agonist		1543	3176	1545	2539	1558	
histamine-receptor-modulator		4864	5315	1956	2246	9641	3562	6283	4780	6284	367	2548	5141	29110	9367	3320	5144	5143	5142	
hydantoin-antiepileptic		6336	11280	6323	6326	6328	6329	6331	6332	6334	6335	
hydroxy-radical-formation-stimulant		3172	1508	3146	3308	366	3315	6197	760	7066	1499	7486	383	
hypoxia-inducible-factor-inhibitor		672	11201	51426	641	5347	29127	3417	328	10411	4780	11069	3091	5429	3064	7421	2237	7486	
imidazoline-receptor-ligand		1544	54795	3725	3091	1557	1559	8856	154	7066	1565	6311	1576	554	29994	3757	1072	9266	2740	387129	7226	11069	3783	10951	79054	9682	7253	983	5594	5467	51053	367	9970	7157	3320	3579	
immunostimulant		2864	2161	2167	5338	338557	
inhaled-anaesthetic		2560	2561	2562	2563	2564	2565	2566	338567	2567	2568	779	27032	3736	2741	2743	54207	3776	3777	55879	2890	83795	51305	6261	2554	2555	2556	2557	2558	2559	
insulin-secretagogue		3767	2539	10060	3758	6833	3667	7124	1559	
insulin-sensitizer		7040	10423	4907	4908	4023	1490	627	3667	7157	887	921	5340	4893	7006	2911	
interleukin-inhibitor		3553	834	836	3557	10919	4780	3320	2139	3326	
kainate-receptor-antagonist		2560	2561	2562	771	2563	2565	2564	2567	2568	2566	766	11280	1557	8856	6323	6326	6328	6329	3643	6331	6332	6334	6335	6336	55879	2890	2891	2892	2893	2897	2898	2899	2900	2901	762	361	759	760	2554	2555	2556	2557	2558	2559	
lanosterol-demethylase-inhibitor		56302	4886	4887	8856	7226	
leukotriene-receptor-antagonist		3553	1544	1576	8654	3569	5139	5141	5142	5143	5144	1565	
lipase-inhibitor		8513	221955	26090	747	2194	1268	4023	57406	5054	5406	
lipoprotein-lipase-activator		1636	10599	28234	11309	3949	3725	3952	4023	3569	627	1559	5465	
local-anesthetic		7299	7398	1576	4780	367	
mTOR-inhibitor		4352	7428	3845	6794	2064	10000	55193	4763	4893	672	673	675	4771	5925	1956	1577	5290	2475	5295	57521	8242	2099	2100	3265	201163	207	208	7248	7249	2767	2776	472	2264	1499	5979	5728	2280	367	4851	8314	5243	
melanin-inhibitor		1728	3553	7299	2950	10919	4780	3248	7153	6097	3091	1588	3028	4790	596	3576	7066	958	
melanocortin-receptor-agonist		4160	4161	4306	4157	4158	4159	
melatonin-receptor-agonist		4544	5243	3356	3357	3358	4543	
membrane-integrity-inhibitor		5319	5290	7124	5243	1437	
membrane-permeability-inhibitor		2560	2561	513	2563	2562	2565	2564	338567	2567	2568	2566	779	27032	3736	2741	2743	54207	3776	3777	3778	55879	2890	51305	6261	2554	2555	2556	2557	2558	2559	
microtubule-inhibitor		81027	10376	84617	10381	10382	10383	3481	7846	1576	347688	113457	84790	203068	112714	347733	7275	7277	7278	7280	
microtubule-stabilizing-agent		81027	3845	10376	84617	10381	10383	2064	7846	1576	347688	113457	2099	2100	84790	203068	112714	347733	7275	7277	7280	5241	
mitochondrial-DNA-polymerase-inhibitor		641	1544	5624	1557	79001	8858	1565	4128	4129	10919	6311	4137	4780	154807	316	1728	216	5467	2147	3043	4835	2155	2158	2159	367	2677	7157	632	5627	7421	
mucolytic-agent		6531	1147	4493	3480	7450	48	4914	653509	3014	54472	1869	5970	2902	2903	2904	2906	116443	3164	3551	95	390245	23657	3949	6517	2937	3579	
mucus-protecting-agent		641	7398	873	4780	51053	3248	2648	7421	
muscle-relaxant		1128	1129	1131	1132	1139	
neurotransmitter		10919	4137	5999	153201	206358	216	
nitric-oxide-donor		3767	2539	10060	1557	1559	
nitric-oxide-precursor		384	113451	4843	6541	4846	222545	6545	435	84889	445	
nitric-oxide-scavenger		51426	8644	390245	1543	174	5423	5970	2548	7124	4790	4791	
nitric-oxide-synthase-inhibitor		7040	4353	3458	2691	4609	1544	15	1551	5914	3357	4129	801	4133	1576	2730	811	5294	64816	2099	438	4543	4544	5187	581	6095	9168	6096	8288	3553	4835	2670	240	5617	632	
non-nucleoside-reverse-transcriptase-inhibitor		1576	8714	4363	9429	5243	1244	
nootropic-agent		1544	1576	596	216	7421	
norepinephrine-inhibitor		3458	6530	6532	1544	146	147	1812	148	150	3351	3352	153	154	155	3356	1565	3350	3358	1559	3736	3362	3363	3751	3752	1576	10280	4914	4915	3269	5319	3785	3786	3274	59340	100	1128	1129	1131	1132	1133	5617	4985	4986	5243	4988	
norepinephrine-precursor		146	147	148	150	151	152	153	154	155	5053	
norepinephrine-reputake-inhibitor		2560	2561	2562	2563	6531	2565	6530	2567	2568	9	2564	2566	6532	146	147	1812	148	1813	3351	150	1816	7066	3350	3356	3357	1565	3358	151	3359	3362	3363	1814	1815	3757	3269	55879	59340	7421	1128	1129	1131	1132	1133	152	7157	3064	2554	2555	2556	2557	2558	2559	
norepinephrine-reuptake-inhibitor		3458	6530	6532	1544	146	147	1812	148	150	3351	3352	153	154	155	3356	1565	3350	3358	1559	3736	3362	3363	3751	3752	1576	10280	4914	4915	3269	5319	3785	3786	3274	59340	100	1128	1129	1131	1132	1133	5617	4985	4986	5243	4988	
norepinephrine-transporter-inhibitor		6530	6531	6532	7253	2902	2903	2904	2905	2906	116443	116444	1565	
nucleoside-reverse-transcriptase-inhibitor		1565	22978	3559	1544	1576	7498	367	627	7124	1557	1559	4860	7133	
other-antibiotic		5019	6311	3248	3064	4923	2237	839	9682	3028	4088	3417	5594	216	54106	5347	51053	367	6256	9971	7157	246	247	3320	7421	
penicillin-binding-protein-inhibitor		3586	2952	1544	9356	1557	1559	8856	1565	3105	3106	3107	6564	6565	1576	3119	3122	3123	5429	3127	51426	
phosphatase-inhibitor		641	1544	5624	1557	79001	8858	1565	4128	4129	10919	6311	4137	4780	154807	316	1728	216	5467	2147	3043	4835	2155	2158	2159	367	2677	7157	632	5627	7421	
phosphodiesterase-inhibitor		1544	5139	5140	3091	1557	5142	7068	10919	1576	4137	11201	7124	3028	216	5347	390245	7398	246	7421	
phospholipase-activator		5319	4780	301	367	2908	
platelet-aggregation-inhibitor		2243	2244	3690	3674	2266	
polar-auxin-transport-inhibitor		1543	1544	3091	1557	1559	2584	25	1576	4137	554	79915	9262	1588	133688	4155	581	2147	390245	641	30849	23683	26275	5286	10919	5287	5289	5290	5291	5292	5293	5294	5295	5296	5288	3248	4790	4791	2237	216	3297	51426	3315	29941	246	247	25865	1812	2859	5423	5429	8503	5444	328	7498	1869	5965	338	5970	7525	2936	146850	947	11201	5578	5579	5580	5581	5582	5583	5584	5585	5586	5587	3028	54737	5590	5588	5595	995	23533	7150	3055	7153	2551	
potassium-channel-activator		3778	10919	1544	4907	4843	9420	759	760	4023	3764	885	3767	6616	476	796	1565	6559	
potassium-channel-blocker		1544	148	1557	1559	153	796	1565	3743	1573	9254	1576	3753	1577	2475	3757	6713	6331	653509	10951	8912	51053	9722	5243	7038	
progesterone-receptor-agonist		367	9971	2100	2099	8856	5241	2908	
prolactin-inhibitor		3360	3361	3362	3363	4137	1815	367	1816	148	1813	3350	1812	152	153	1814	3356	3359	
prostacyclin-analog		5729	5731	5732	5733	6915	5734	5737	11251	
prostaglandin-receptor-agonist		5729	6915	5731	5733	5737	
prostanoid-receptor-agonist		5729	117155	5732	1559	5731	6915	1544	1576	5734	5739	347732	1557	378807	117144	1565	
proteasome-inhibitor		5644	5645	5646	5701	170541	5682	5683	5684	5685	5686	5687	5688	5689	5690	5691	5692	5693	5694	5695	5696	2624	5698	5699	5700	280644	5702	581	5704	5705	5706	5707	5708	5709	5710	5711	5713	5714	5715	596	5717	595	5719	5720	599	5718	5716	5721	151645	2147	143471	1649	2161	627	9861	23198	5290	338091	4780	338099	4790	4791	29893	5327	2261	266971	5340	3308	4851	3316	5366	3845	2322	54035	9491	5925	11047	7979	823	331	1869	122706	5970	367	9622	653247	10197	1493	1508	10213	1514	7157	
protein-synthesis-inhibitor		1576	5243	55244	3757	2862	213	1595	
protein-synthesis-stimulant		2560	2561	2562	2563	2564	2565	2566	2567	2568	23435	51083	7054	8856	6820	6822	1576	10280	5290	5291	2099	2100	581	55879	332	1490	3667	9429	2902	2903	2904	5465	2906	5595	116444	2905	3292	116443	3558	4842	2539	2670	367	9970	6517	2554	2555	2556	2557	2558	2559	
protein-tyrosine-kinase-inhibitor		5156	5159	3791	2321	2322	
proto-oncogene-tyrosine-protein-kinase-inhibitor		640	6788	4869	3718	4486	6790	3717	4233	2444	2321	2322	2324	9748	3480	25	1436	57118	1196	27436	558	11183	4914	4915	57396	2869	29110	4916	695	6197	6714	5562	120892	2241	6850	28996	2120	10188	1613	5582	57551	3791	6098	5586	5588	2260	2261	4058	5979	3932	4067	2534	3815	9448	10733	238	5871	5747	9212	1022	
purinergic-receptor-antagonist		8704	51716	1544	1555	1557	1558	1559	1565	64805	1576	1577	1066	29104	8529	3673	3690	5742	4846	375033	5243	
reducing-agent		7040	4609	5167	4087	2936	251	
retinoid-receptor-agonist		3553	5947	5347	7398	4137	11069	51053	6256	6257	6258	9682	6774	2648	5914	5915	5916	7421	
retinoid-receptor-ligand		6017	9227	50700	7182	10901	8854	5914	9249	51109	4780	3757	2099	5947	5949	57665	581	5959	145226	5328	112724	216	220	54884	3949	367	6256	6257	6258	3576	6010	7038	
rho-associated-kinase-inhibitor		1024	9475	23683	3845	25865	9212	10000	1565	1576	10110	57396	6197	6198	120892	5566	5567	11200	5569	2624	5580	1613	5582	207	6093	5588	867	868	9448	5613	1020	1022	
ribonucleotide-reductase-inhibitor		7040	1026	84618	56616	4780	5422	5426	5427	50484	331	56655	599	54107	6240	6241	1633	100	7525	3559	7157	4860	
selective-serotonin-reuptake-inhibitor-(SSRI)		6530	6531	6532	3589	775	55312	148	1557	127254	3351	151194	3356	1565	23327	136227	10919	1576	1577	2731	2869	121278	5054	3269	6728	89932	2892	6095	84062	7905	1128	1385	2289	10098	627	1395	2932	5243	7166	
serotonin-receptor-antagonist		4544	5243	3356	3357	3358	4543	
serotonin-receptor-partial-agonist		3620	10919	29994	846	10352	124274	883	6582	206358	
serotonin-reuptake-inhibitor		6530	6531	6532	1544	146	147	1812	148	1813	3350	1816	1559	1557	3356	1565	3358	3362	3363	10919	3752	3751	1576	3756	3757	4158	3269	1128	1129	1131	1132	1133	627	
serotonin-transporter-(SERT)-inhibitor		6530	6531	6532	2950	1544	1576	5243	2289	5467	1812	7157	3351	3357	6331	3356	1565	3358	
serotonin–norepinephrine-reuptake-inhibitor-(SNRI)		3458	6530	6532	1544	146	147	1812	148	150	3351	3352	153	154	155	3356	1565	3350	3358	1559	3736	3362	3363	3751	3752	1576	10280	4914	4915	3269	5319	3785	3786	3274	59340	100	1128	1129	1131	1132	1133	5617	4985	4986	5243	4988	
sigma-receptor-agonist		1536	6530	6532	2074	1565	1576	10280	653361	4688	4689	1143	2905	116443	10857	1135	1136	1137	1139	1141	5879	5880	4985	4986	5243	4988	1535	
smoothened-receptor-antagonist		1956	51684	4613	6608	5727	
solute-carrier-family-member-inhibitor		2784	6560	1636	390245	2859	4780	100379251	3028	118	1080	5594	57468	6557	6558	6559	
somatostatin-receptor-agonist		6752	4353	354	6753	6755	4771	5291	5294	9170	3484	7038	6751	
sphingosine-1-phosphate-receptor-modulator		53637	1901	1903	1559	8698	
sterol-demethylase-inhibitor		56302	4886	4887	8856	7226	
structural-glycoprotein-antagonist		2243	2244	3690	3674	2266	
succinimide-antiepileptic		1576	8911	8912	8913	6323	
sulfonylurea		3767	2539	3758	6833	6517	3766	1559	5468	
thiazide-diuretic		768	771	54790	10888	5139	441108	8854	6934	153	84890	8089	23327	6559	1445	51497	3758	6585	4925	5054	3778	64839	5578	55757	3158	81624	84444	51422	64478	762	1636	65125	162282	759	5742	7408	51061	118	83447	760	131578	51196	80895	
thrombopoietin-receptor-agonist		4352	2147	2153	462	1559	5624	5627	
thymidylate-synthase-inhibitor		1026	3589	1545	7178	1548	9231	2064	10257	2067	1557	1558	1571	1576	1588	3643	3135	64065	581	3667	7252	595	3161	5728	3683	1124	8812	627	5243	7298	81029	6790	4233	84618	5788	673	5290	5296	1728	7372	9429	214	2264	218	2778	1244	4842	3309	4846	26354	3831	9978	153339	7422	6401	55556	3845	2308	79623	1806	1807	8490	1841	2356	324	5444	6470	85320	10057	332	1869	117583	7515	5980	7517	7518	1890	355	868	8549	10599	873	874	2950	9619	5528	3486	22943	1956	85413	4524	6573	9156	472	63970	3043	995	4583	3559	407018	84465	3570	7153	7157	4089	4602	
thyroid-hormone-stimulant		196	7068	4780	2158	7056	7252	7067	5468	5054	
thyroid-peroxidase-inhibitor		4353	7173	1733	3559	1544	2697	4650	3952	5617	627	3123	1557	7124	1559	7157	5564	1565	
topoisomerase-inhibitor		6606	7150	7153	7155	1437	
tricyclic-antidepressant		6530	6532	1544	146	147	148	1813	150	3350	151	153	154	410	7066	3356	1565	3358	152	1576	4157	3269	6609	1128	1129	1131	1132	1133	222962	627	5243	
tubulin-polymerization-inhibitor		1573	7846	1544	79915	51053	10383	3315	203068	
tumor-necrosis-factor-production-inhibitor		8451	2952	1544	3082	10	2067	1557	538	6555	7450	6687	3106	606500	2214	2215	1580	4790	2247	7124	1493	2263	5467	1499	7520	27233	2149	3689	1642	5743	368	51185	3570	6137	9978	9469	
tyrosine-hydroxylase-inhibitor		6531	3558	1544	1576	7054	3439	627	1557	7350	1559	1565	
tyrosine-kinase-inhibitor		640	3717	3845	4233	2444	2064	3984	2066	9748	10006	1432	25	27	1436	8476	4763	1441	673	5156	1956	5159	5290	558	11183	1969	6777	695	50488	4921	6714	51135	51776	3265	6850	2242	324	23235	4294	6725	10188	150094	57551	3791	5586	2260	2261	9429	3417	90	5467	3932	2268	7006	23387	3418	8289	4067	5604	5605	7525	2534	613	3815	867	51053	10733	3055	367	8444	7157	1399	4088	5753	9212	
uricosuric-blocker		9376	2539	9356	4363	5243	367	24145	55867	53919	
vasodilator		51426	6530	390245	10919	328	5965	146	147	148	3091	246	151	3028	150	152	
vesicular-monoamine-transporter-inhibitor		7298	3082	7442	8856	7066	10919	1576	4137	6570	6571	79915	4907	29994	3757	4023	10951	6863	54737	9682	4057	2796	51053	5743	367	5243	
vitamin-B		4837	1544	1576	338442	8843	84649	23475	1557	1559	1565	27198	
vitamin-K-antagonist		813	8529	2677	79001	5243	348	
voltage-gated-calcium-channel-ligand		27232	4548	4552	635	875	10988	10840	5723	1373	23743	
xanthine-oxidase-inhibitor		23040	54657	54658	54659	64388	1544	1557	1559	28951	1565	1576	128553	54575	54576	54577	54578	54579	170679	316	5311	22854	54600	100130889	7498	5460	9429	360158	79718	4855	
druggable		3350	50632	1813	1812	3356	3358	3361	3351	151	1815	1816	3352	1814	3357	150	152	8856	2100	2908	367	9971	2099	5241	355	1728	324	1807	3589	4842	1890	117583	868	1026	9619	5528	3486	5290	6573	7515	3309	84465	1557	81029	3845	407018	3683	5728	1124	1806	218	6470	10257	9429	4846	8812	7422	8549	5980	3643	332	7517	3043	1869	8490	6790	7518	9156	3667	64065	22943	85413	2067	673	2778	10057	4602	3135	4524	1548	153339	84618	995	5243	5788	1244	7298	5444	472	3161	1558	55556	214	9978	9231	6401	2308	1841	7372	1956	3831	63970	7252	581	7178	2950	874	873	4089	79623	85320	627	4583	2264	2356	10599	7157	595	1571	2064	3559	4233	1576	5296	26354	1545	3570	7153	1588	216	5999	153201	10919	206358	4137	6256	5467	9568	2550	896	4893	1021	1029	894	6597	1019	1584	1586	29940	7259	7006	695	3702	7294	3718	640	660	2534	3932	4067	6714	2066	2561	2915	2558	116444	2555	2563	2554	2903	55879	2567	2568	2565	2557	2904	2906	2562	2560	2564	2559	2566	2902	2905	116443	2556	23269	6517	2548	4023	279	8972	6476	7038	153	1129	1128	1132	1133	1131	5743	1559	5742	8529	348	2677	79001	813	148	1544	147	1565	4321	771	358	760	3106	23632	761	762	4313	759	361	766	3767	6833	3766	3758	43	1636	1135	4493	3480	5970	3164	6531	23657	54472	2937	3014	653509	3949	390245	95	3551	48	3579	7450	1147	4914	5916	6257	7421	3553	6258	51053	9682	5915	6774	2648	11069	5347	7398	5947	5914	7155	1437	7150	6606	51426	2237	3064	4780	11201	3417	10411	672	641	5429	29127	3091	328	7486	1910	1909	25	6564	1791	3586	4860	5965	54795	64078	134	55300	9154	55361	136	9153	60482	135	140	1134	2065	3084	27436	4543	4544	1573	203068	10383	7846	3315	79915	154	2740	1843	9575	169044	1395	866	1139	238	4869	2260	5979	5791	523	5775	4598	5328	5802	2224	1594	6332	6326	11280	6335	146	6329	6323	6328	3028	6331	6336	6334	54659	54600	5311	54657	54578	54575	28951	22854	360158	7498	23040	100130889	54576	4855	5460	64388	54579	170679	128553	54577	54658	316	79718	6536	5287	23533	5291	146850	3265	5295	8503	30849	5293	5286	207	5604	2263	5925	5297	6446	5294	2261	2475	5289	5288	347732	378807	5732	5739	5729	117144	117155	5731	6915	5734	4988	4985	4986	6580	2629	301	387129	2936	4087	7040	5167	4609	251	57113	3762	6338	26	6337	6339	6340	40	6548	41	1579	9033	51393	9311	6553	5340	4018	5327	1583	7033	2678	2796	5141	8654	3066	5139	5143	5144	5140	5142	240	30814	9722	9254	3743	796	6713	3753	10951	1577	8912	3757	25970	9135	56899	4160	3786	3274	100	3752	3751	3458	155	59340	6530	10280	5319	4915	5617	3736	3269	3362	3363	6532	3785	3562	3320	9641	9367	6283	6284	5315	29110	4864	2246	775	4878	778	774	781	783	776	779	183	786	3290	28234	3291	1543	3176	2539	7066	9	3359	3107	3127	2952	3119	3122	3105	6565	3123	9356	2166	7124	246	7068	6311	690	58508	81027	4982	8600	9448	3481	2147	2638	6607	2159	6697	6869	7364	801	2149	3354	319100	1268	255239	7296	5594	5595	3725	476	1555	23435	487	9963	9962	5733	3082	1649	375033	2811	3162	7067	4791	2247	27159	80781	3690	5321	4790	2207	5468	4170	5563	3674	8704	6916	3673	3565	174	53632	23177	1645	51422	5028	8792	4056	136227	8660	5571	7248	3576	6197	5562	6892	10873	6539	5564	2670	51206	161835	10463	3156	9278	5335	3115	5741	7098	4792	2162	3116	10	5565	1756	1080	4057	7253	64241	22937	29116	1803	7052	185	1581	5602	3990	949	6262	19	624	3684	632	3627	221458	1071	5447	3953	4547	6646	7035	116519	11309	9177	338	959	196	3329	27235	5021	553	554	552	2980	8989	25824	5627	2153	5624	462	4352	10733	5156	3815	2321	7428	7525	1435	5155	3791	5159	2324	919	1786	6876	3976	6097	1788	54790	54802	2322	978	171023	4088	2624	4255	3614	65992	55270	2944	3251	3704	7172	494514	3117	5471	79068	6716	7299	6718	186	2862	4363	6558	6557	3416	2353	386617	6863	57528	115207	2641	590	7297	2580	3716	2185	22848	3717	55589	3572	3558	4297	9759	83933	55294	10013	10014	3065	51564	8841	79885	55869	9734	1585	4548	5547	6559	8913	1644	5423	9612	3248	1610	29994	773	9132	7134	3784	11255	3163	5599	10062	5465	354	999	8837	8085	10468	3303	4129	4128	5737	8644	6416	4763	5609	5606	5607	5608	2776	2767	5605	91703	1215	5476	1513	1514	1520	8722	282617	101180976	29893	5696	5720	5693	2161	5694	11047	5704	338099	9622	5708	5691	5714	823	1508	170541	5702	23198	5695	5683	5644	54035	5699	10197	7979	3316	331	3308	5682	5700	5717	5707	5715	5684	1493	280644	5713	5685	5719	5688	596	122706	151645	9861	5689	5709	5692	5687	9491	5711	5645	4851	266971	5366	5706	5690	599	653247	5705	5698	5718	10213	5710	5686	5646	5716	338091	143471	5721	5701	6793	57118	11183	8428	2444	23235	3055	818	10746	613	10188	23387	1017	150094	6789	4159	4161	4157	4158	4306	6098	763	4852	2668	3952	6295	5566	1394	1906	113263	2859	100379251	2784	57468	6560	118	4654	3312	2251	3741	22908	6571	2587	2289	2035	1621	1312	1137	2898	2891	10382	113457	10376	10381	7277	7278	347733	7280	112714	347688	84617	7275	84790	7010	5145	10846	2911	9170	5152	50940	5146	4650	3710	5153	5136	5158	27115	6263	5137	5150	8622	7220	5151	3708	816	5591	5138	6469	4968	3709	6261	9518	1591	5251	6524	6523	442038	3777	10888	84444	55111	10019	108	11320	100302267	374	51716	1066	10864	4907	5111	6447	4908	10535	7442	2057	4048	59272	6750	4843	5054	4318	5029	3172	9970	10928	2052	4049	7916	7133	8325	7917	3305	10804	56666	2701	81025	219770	10052	24145	100126572	2707	2700	2697	2703	57165	84694	2709	57369	125111	375519	2705	127534	116337	2702	349149	2706	7173	9376	290	4353	52	7341	58190	8714	842	239	1027	93589	768	149233	777	5163	51738	836	9536	1499	5170	55799	9564	8911	782	56479	785	489	784	488	83942	23430	3973	2798	3146	1604	57053	1727	259249	2532	51284	445	54106	3158	3778	1719	64146	7957	7224	5005	6609	5004	4922	885	4314	64816	3783	9377	2172	1349	2235	126	1340	2104	151306	1339	1327	1346	1350	1345	1329	1351	7056	6582	55244	2214	146802	222962	846	54737	285761	4036	374378	366	2068	2175	6240	2938	675	4191	2729	4214	406991	2176	4496	5917	2395	3569	2922	55902	4300	1677	1647	8661	54474	5894	79444	7161	3980	3074	4595	4613	2730	2551	545	92815	9121	2072	51727	7520	3360	10849	147700	98	6794	4771	540	7852	7012	10848	6772	150677	4494	283106	7508	1111	55332	7329	2880	1015	4193	5893	1317	51455	2074	121278	84062	6728	2869	7166	2731	7905	6095	23327	55312	151194	1385	89932	2892	2932	127254	10098	6506	56616	56655	6241	54107	1633	5427	5422	50484	5426	2150	5027	292	291	293	322	5424	6319	983	1072	2168	8639	29104	64805	9266	79054	7226	3355	887	3125	3727	718	3760	3699	6505	2194	23216	9023	1551	369	2741	6717	23476	2742	7849	3689	1387	3606	4133	5539	5320	765	1553	2158	5782	2120	6286	6783	1562	5478	2357	819	8647	10105	5530	6554	5535	2890	486	2893	64127	4887	655	10320	22978	116085	6820	2625	51251	861	2623	552859	7490	116931	55816	8202	29102	1136	1143	8973	1141	3183	4835	10525	132	4286	2146	5879	342371	3984	10735	79858	5226	23649	5430	3747	23415	2078	3748	3788	3755	131096	93107	81033	169522	3756	9312	3738	3749	3737	26251	3744	3769	3745	3790	23416	170850	27012	3746	3754	3750	27133	3739	3742	90134	3787	4153	1356	6347	93659	412	114814	6527	1441	5753	27	8476	50488	51135	1436	6850	1399	2268	2242	558	10006	51776	4294	57551	5586	8289	1432	90	9212	1969	9748	4921	867	6725	3418	6777	8444	351	8828	80339	3921	2328	54093	865	1109	8574	410	7054	6822	51083	3292	1490	1259	1260	3781	3782	3780	477	482	480	483	481	478	2205	8692	190	10993	6999	6223	1119	83716	1103	2744	5836	3484	5745	6361	3726	5858	7049	7069	4880	197131	2516	1800	7003	7082	3880	7412	2348	70	9607	942	1831	6281	495	496	5579	4689	653361	5880	1536	1535	4688	10857	834	3326	3557	2139	6616	3764	9420	80036	213	1429	247	1471	353189	7432	2030	113026	11251	5148	7251	5147	5149	224	706	217	4134	285242	200909	170572	5452	8493	6935	10327	6390	6872	6670	2215	53353	546	3776	5053	9652	54881	57194	79750	57101	125170	55904	4684	2220	27130	9378	285852	79644	6715	5225	643834	124056	4886	56302	384	4953	7357	1832	54207	338567	27032	51305	513	2743	526	57016	5578	5580	28996	1613	4486	57396	5747	5871	1196	120892	2241	1022	6788	4916	5588	5582	4058	231	467	122953	4772	468	1386	22926	11016	22809	466	7170	831	50943	1105	4194	5740	2266	2244	2243	2872	54206	147746	25865	3605	1595	653	2852	2101	2597	55775	4130	2864	338557	5338	2167	11238	377677	8484	8648	10914	10097	283871	6585	94025	10673	8398	1977	79659	208	8314	8242	201163	10000	7249	55193	2280	57521	29881	1024	10110	5613	1020	5567	9475	5569	23683	6198	11200	6093	1401	64386	335	9370	1180	160728	53637	1901	64326	2026	958	6387	6862	6608	55107	84152	15	3763	3765	7494	5037	6720	161357	113235	2350	2352	125	847	124	2053	898	10988	27092	27091	10369	10368	59285	59283	59284	7177	7032	1142	1145	1146	1144	1138	1140	55584	4311	7376	1048	55872	415116	84446	5261	5601	22933	3654	5292	2012	1453	4793	817	23118	988	2274	170954	84920	1635	840	400745	64132	11044	3177	57650	1041	4439	7465	55315	60490	1612	81704	2114	79969	5104	30833	135656	10866	10060	1374	3859	1742	6035	2593	7803	2058	1277	2900	340273	1804	5997	9456	84107	84159	440275	219790	9152	11214	22874	1861	4825	3339	60598	56659	56660	8645	9099	6392	7415	3002	6613	2584	2746	222236	4000	6122	7015	51497	83447	8854	131578	6934	84890	441108	4925	64478	1445	51196	64839	8089	81624	7408	65125	55757	51061	80895	162282	405	1667	182	4312	5091	3038	3552	4217	5336	4615	3992	2182	2181	6546	56853	80224	375298	10718	6579	6583	10941	5244	780	25989	10018	8534	2810	1572	5583	81608	92241	6584	51311	3439	7020	6778	2739	133	145482	5581	921	10423	7361	10512	7048	10111	8824	864	5300	116447	9636	83795	7975	7514	571	4881	2974	2977	348980	10021	57657	378938	115019	6570	6622	5376	113451	435	84889	6541	222545	6545	23564	11240	51702	29943	23576	5009	353238	23569	27232	4552	23743	1373	875	5723	10840	635	10855	5538	162466	29904	1723	7423	1642	51185	7424	8451	9900	23620	4935	3600	9986	6462	255738	5443	55117	4868	27347	5829	929	2222	3988	7057	57582	1191	1181	221785	1234	3249	8288	9168	2691	438	6096	811	5187	2155	8858	154807	3615	6928	26121	80704	57094	2330	11132	26960	32	6514	269	6581	6667	1809	1400	11252	114571	3824	8836	7128	270	514	6648	6279	6504	55867	259232	646023	3809	5797	3133	9194	6898	23384	7099	3385	2346	471	2209	839	941	3567	7350	51167	51706	51700	2868	6521	5584	5590	5587	55351	2595	23193	9453	6817	4154	7468	10800	56934	64409	715	7113	54822	117	1392	6288	57105	2993	6019	8924	6941	10622	54535	89845	10758	4837	27198	23475	8843	338442	84649	8321	5540	683	23408	23411	142	23410	3939	7365	1991	2326	3094	23284	8001	320	8170	1188	1187	91607	10038	10002	7225	7222	10090	23516	6752	6753	6751	6755	2947	5367	22987	339745	2671	2696	79728	51755	580	23624	10039	6273	6271	6285	4221	3067	8513	26090	5406	221955	57406	747	4759	4758	3991	5020	1826	8379	7090	3925	2342	27250	1978	166378	4778	2044	121512	6663	85363	9149	6598	10298	1030	1859	4751	1025	2011	728734	4502	7366	6818	6046	445329	5025	2618	1787	1375	1376	623	7334	84706	18	2572	2875	6810	250	6513	7200	10877	2717	5789	5045	6300	5600	5603	57007	1233	729230	8737	8767	11035	23097	5981	6037	387	9510	947	3931	4155	53919	27345	3779	27094	10242	960	538	5076	940	4831	5266	2047	1380	1075	116	1733	8566	3240	3073	8517	3297	26275	29941	5585	133688	9262	693167	3775	9424	157855	2815	23090	2157	10644	4760	169026	5078	6017	57665	6010	51109	5949	7182	54884	10901	220	112724	9227	50700	5959	145226	9249	4277	8638	120227	285	3875	645	23316	84871	9750	50801	3000	2982	2983	2913	2917	2895	27068	345222	345	1485	1032	6356	154796	5724	64109	3575	5329	10536	2628	23463	5360	2152	1056	8698	1903	3574	1634	6009	2288	5934	139760	1990	6754	5727	51684	5597	5777	5598	2248	5596	6732	1725	38	9308	8797	5154	2130	56034	4288	5787	80310	3596	6768	5024	5032	2492	890	53829	6692	5031	6696	200186	387082	5371	22800	5304	10682	144455	83938	5337	2956	54878	91039	10762	9469	6687	6137	6555	368	606500	1580	27233	10560	27010	9615	5631	4923	5019	6529	5770	11188	6776	2645	2901	2899	2897	8528	1848	2115	55510	2119	5921	2118	23152	27306	23028	7101	9052	54880	5918	2521	909	285834	6275	10449	124274	883	3620	10352	353174	6051	383	1646	7915	55800	6327	6324	4967	36	6330	284656	2049	285220	2041	2051	2050	2043	2045	2046	2042	2048	7301	123688	7060	80243	10734	3492	598	53373	130271	219931	30820	140679	51175	7283	51174	5744	1081	71	822	55722	2151	9002	1108	112755	339105	2621	4734	444	80821	2626	57834	3770	3768	3772	4830	7083	9692	770	767	
